ColE,J,ecrs,iecrs,totcrs
204.44,0.0,              0.13946258938659651314E-01   ,0.01037296985334835,0.02431922879200799
204.44,1.0,              0.86590350764879614465E-01   ,0.03112522118336401,0.1420348007402516
204.44,2.0,              0.76699318425115597941E-01   ,0.0518964325195492,0.2706305516849164
204.44,3.0,              0.18533937727643401416E+00   ,0.07269932745879516,0.5286692564201456
204.44,4.0,              0.16850928410747778585E+00   ,0.0935467540441692,0.7907252945717925
204.44,5.0,              0.24209222228979632163E+00   ,0.1144517330104264,1.147269249872015
204.44,6.0,              0.31428380203748762511E+00   ,0.1354275041849836,1.596980556094486
204.44,7.0,              0.23406672274526857391E+00   ,0.1564875709168402,1.987534849756595
204.44,8.0,              0.52939777402840848541E+00   ,0.1776457417222248,2.694578365507228
204.44,9.0,              0.16014246934455272919E+00   ,0.198916168903387,3.053637003755168
204.44,10.0,              0.79106871725702487819E+00   ,0.2203133834530913,4.065019104465285
204.44,11.0,              0.76142329115241463855E-01   ,0.2418523259598611,4.383013759540387
204.44,12.0,              0.10030377959225629247E+01   ,0.2635483729229138,5.649599928385864
204.44,13.0,              0.11799935702700324602E+00   ,0.2854173582979249,6.053016643710793
204.44,14.0,              0.10022793158731648777E+01   ,0.3074755897313438,7.362771549315302
204.44,15.0,              0.44460799842658671466E+00   ,0.3297398596623151,8.137119407404203
204.44,16.0,              0.68318287011702627520E+00   ,0.3522274508375827,9.172529728358812
204.44,17.0,              0.10453019265449916553E+01   ,0.3749561363881874,10.59278779129199
204.44,18.0,              0.23041764382970306158E+00   ,0.3979441744082801,11.22114960952997
204.44,19.0,              0.15350284589948590686E+01   ,0.4212102971086891,13.17738836563352
204.44,20.0,              0.18848103974373833780E+00   ,0.4447736940613589,13.81064309943861
204.44,21.0,              0.13405992461890019474E+01   ,0.4686539893402331,15.61989633496785
204.44,22.0,              0.94208894870339732197E+00   ,0.4928712117583006,17.05485649542955
204.44,23.0,              0.50980917388494151332E+00   ,0.5174457559029852,18.08211142521748
204.44,24.0,              0.18502207807241621840E+01   ,0.5423983341150717,20.47473054005671
204.44,25.0,              0.21404305116258059982E+00   ,0.567749914738586,21.25652350595788
204.44,26.0,              0.15845184974768677932E+01   ,0.5935216454075583,23.4345636488423
204.44,27.0,              0.13067167295162347429E+01   ,0.6197347594165401,25.36101513777508
204.44,28.0,              0.39463849181043642034E+00   ,0.6464104602785656,26.40206408986408
204.44,29.0,              0.22187293342130423035E+01   ,0.6735697875353936,29.29436321161252
204.44,30.0,              0.62504988859220234065E+00   ,0.7012334602530385,30.62064656045775
204.44,31.0,              0.10988655236230513434E+01   ,0.7294217017128796,32.44893378579369
204.44,32.0,              0.22532870857093758588E+01   ,0.758154047835238,35.4603749193383
204.44,33.0,              0.31684120567728940587E+00   ,0.7874491419916588,36.56466526700725
204.44,34.0,              0.17415576863214639047E+01   ,0.8173245207806485,39.12354747410936
204.44,35.0,              0.20913583060092770793E+01   ,0.847796391821964,42.06270217194061
204.44,36.0,              0.29484927323795118159E+00   ,0.8788794074508727,43.23643085262943
204.44,37.0,              0.21193269415601445615E+01   ,0.910586436682374,46.26634423087195
204.44,38.0,              0.20500445241288605125E+01   ,0.9429283395580113,49.25931709455881
204.44,39.0,              0.34746641368634428870E+00   ,0.975913750057426,50.58269725830258
204.44,40.0,              0.22293539941118218906E+01   ,1.009548872781795,53.8216001251962
204.44,41.0,              0.22519473066385797821E+01   ,1.043837298751509,57.11738473058629
204.44,42.0,              0.41136789717881910855E+00   ,1.07877983750575,58.60753246527087
204.44,43.0,              0.20394417310190497972E+01   ,1.114374358811812,61.76134855510173
204.44,44.0,              0.26677976017632785144E+01   ,1.150615624123091,65.5797617809881
204.44,45.0,              0.64920504223223418627E+00   ,1.187495081898886,67.41646190511922
204.44,46.0,              0.14883771449279559196E+01   ,1.225000609472691,70.12983965951985
204.44,47.0,              0.30245522106026805353E+01   ,1.26311620161088,74.41750807173344
204.44,48.0,              0.13758072722979368674E+01   ,1.301821652109422,77.0951369961408
204.44,49.0,              0.79371933914498382645E+00   ,1.341092321846238,79.22994865713201
204.44,50.0,              0.27332927581243677828E+01   ,1.380899107311565,83.34414052256795
204.44,51.0,              0.25637570260480009310E+01   ,1.421208690657535,87.32910623927349
204.44,52.0,              0.80621200590966290989E+00   ,1.461984041261959,89.59730228644509
204.44,53.0,              0.15370271208525694284E+01   ,1.503185004443353,92.63751441174102
204.44,54.0,              0.30920212683918775198E+01   ,1.544768723906837,97.27430440403975
204.44,55.0,              0.21701215414255141667E+01   ,1.586689680855423,101.0311156263206
204.44,56.0,              0.86026914149538324939E+00   ,1.628899300434804,103.5202840682508
204.44,57.0,              0.18481167303179402150E+01   ,1.671345284399884,107.0397460829687
204.44,58.0,              0.31044269547808087673E+01   ,1.713971113419471,111.858144151169
204.44,59.0,              0.23002645551843108329E+01   ,1.756716179151668,115.9151248855049
204.44,60.0,              0.10977074834359266120E+01   ,1.799516847884315,118.8123492168252
204.44,61.0,              0.16625132379179421438E+01   ,1.842308200745949,122.3171706554891
204.44,62.0,              0.29093673264940860257E+01   ,1.885025655304725,127.1115636372879
204.44,63.0,              0.27906320360010257176E+01   ,1.927605584705162,131.829801257994
204.44,64.0,              0.16812542540952490899E+01   ,1.969984595478107,135.4810401075674
204.44,65.0,              0.13832973197111473329E+01   ,2.012098047661627,138.8764354749402
204.44,66.0,              0.22417345924195211104E+01   ,2.053879126854206,143.1720491942139
204.44,67.0,              0.29525319400195106923E+01   ,2.095259673399419,148.2198408076329
204.44,68.0,              0.26467878082160947173E+01   ,2.136172901920267,153.0028015177692
204.44,69.0,              0.19033464781483511175E+01   ,2.176556738448359,157.082704734366
204.44,70.0,              0.17055031700811635886E+01   ,2.216355938280054,161.0045638427272
204.44,71.0,              0.21951691010216474176E+01   ,2.255521957513152,165.4552549012619
204.44,72.0,              0.27309571889908337283E+01   ,2.29401122934126,170.4802233195941
204.44,73.0,              0.27836432667138835129E+01   ,2.331783907639166,175.5956504939471
204.44,74.0,              0.24459058569788081350E+01   ,2.368805007242748,180.4103613581687
204.44,75.0,              0.21597057423158418921E+01   ,2.405047882496564,184.975114982981
204.44,76.0,              0.21938073758160157034E+01   ,2.440497828765434,189.6094201875625
204.44,77.0,              0.24522193405935590604E+01   ,2.475153540573627,194.5367930687297
204.44,78.0,              0.26708912643951285837E+01   ,2.509026251750869,199.7167105848756
204.44,79.0,              0.26938202291637494135E+01   ,2.542138396113075,204.9526692101525
204.44,80.0,              0.25706053933760273367E+01   ,2.574523726366753,210.0977983298953
204.44,81.0,              0.24605854498088470805E+01   ,2.606228891148192,215.1646126708523
204.44,82.0,              0.24844984760145072400E+01   ,2.637314540264733,220.2864256871316
204.44,83.0,              0.26497558102114946443E+01   ,2.667854683555344,225.6040361808984
204.44,84.0,              0.28734663670121447510E+01   ,2.697935749838201,231.1754382977488
204.44,85.0,              0.30521262277710374811E+01   ,2.727657393656678,236.9552219191764
204.44,86.0,              0.31200306013563432472E+01   ,2.757133469468675,242.8323859900015
204.44,87.0,              0.30696370766644891503E+01   ,2.786488385259359,248.6885114519253
204.44,88.0,              0.29377671496671577955E+01   ,2.815848249444863,254.4421268510373
204.44,89.0,              0.27772342095849871235E+01   ,2.845335904786885,260.0646969654092
204.44,90.0,              0.26331094737429556751E+01   ,2.875077334704071,265.5728837738562
204.44,91.0,              0.25316931560035658144E+01   ,2.905207145655782,271.0097840755156
204.44,92.0,              0.24799786461459367715E+01   ,2.935852231758104,276.4256149534196
204.44,93.0,              0.24709120500675938459E+01   ,2.967102701480598,281.8636297049678
204.44,94.0,              0.24909674809373600901E+01   ,2.999009133101395,287.3536063190065
204.44,95.0,              0.25269808925401142652E+01   ,3.031607999267653,292.9121952108143
204.44,96.0,              0.25702558800088870505E+01   ,3.064915169301951,298.5473662601252
204.44,97.0,              0.26184136415637238038E+01   ,3.098870040587362,304.2646499422763
204.44,98.0,              0.26764714100182969148E+01   ,3.133318089428924,310.0744394417235
204.44,99.0,              0.27571412343212386986E+01   ,3.168065201812466,315.9996458778572
204.44,100.0,              0.28784050506170264505E+01   ,3.202887427954336,322.0809383564285
204.44,101.0,              0.30555214186265433618E+01   ,3.237477195320509,328.3739369703756
204.44,102.0,              0.32854200060709528586E+01   ,3.271488915628786,334.9308458920754
204.44,103.0,              0.35258477665283831648E+01   ,3.304659589201402,341.7613532478051
204.44,104.0,              0.36824296894016712578E+01   ,3.336822574653988,348.7806055118608
204.44,105.0,              0.36357564007324412181E+01   ,3.367972438883061,355.7843343514763
204.44,106.0,              0.33528471447383205728E+01   ,3.398430303983636,362.5356118001982
204.44,107.0,              0.30590725551293669326E+01   ,3.428577800063158,369.0232621553907
204.44,108.0,              0.32168014995266278611E+01   ,3.457913714109154,375.6979773690265
204.44,109.0,              0.39322694312511181636E+01   ,3.483459134488135,383.1137059347657
204.44,110.0,              0.40862902723891911805E+01   ,3.495500210327491,390.6954964174825
204.44,111.0,              0.26998699501530691869E+01   ,3.455618270260023,396.8509846378955
204.44,112.0,              0.29745894861697625977E+01   ,3.229439579614282,403.0550137036796
204.44,113.0,              0.79649807563425945034E+01   ,2.784458998601138,413.8044534586232
204.44,114.0,              0.36978105125464368896E+01   ,2.696431831565942,420.1986958027356
204.44,115.0,              0.27093116117873066173E+01   ,3.284960651851038,426.192968066374
204.44,116.0,              0.44157552476184713797E+01   ,3.244470277171273,433.8531935911638
204.44,117.0,              0.31873387492286164857E+01   ,3.515349030270832,440.5558813706632
204.44,118.0,              0.15247257231487723050E+01   ,3.072397332054636,445.1530044258666
204.44,119.0,              0.19262583643354660445E+01   ,3.102750106553399,450.1820128967555
204.44,120.0,              0.32017508058463008958E+01   ,2.841463565237052,456.2252272678388
204.44,121.0,              0.50123724369644868659E+01   ,2.230016467435058,463.4676161722383
204.44,122.0,              0.73650442999352003781E+01   ,2.042031665829603,472.8746921380032
204.44,123.0,              0.95810883083631424029E+01   ,1.758819490790715,484.2145999371571
204.44,124.0,              0.11458449333325649633E+02   ,1.512906189334539,497.1859554598173
204.44,125.0,              0.12855670225449712163E+02   ,1.306423334232866,511.3480490194998
204.44,126.0,              0.13769226727177358072E+02   ,1.134210269273253,526.2514860159504
204.44,127.0,              0.14255085265686822993E+02   ,0.989592929961914,541.4961642115991
204.44,128.0,              0.14388838081328362506E+02   ,0.8675823801673678,556.7525846730949
204.44,129.0,              0.14248030407372917594E+02   ,0.7640436950897039,571.7646587755575
204.44,130.0,              0.13902985955274250074E+02   ,0.6756769350949619,586.3433216659267
204.44,131.0,              0.13413363085195799229E+02   ,0.5998638388857281,600.3565485900082
204.44,132.0,              0.12827545835602089497E+02   ,0.5345108719176151,613.7186052975279
204.44,133.0,              0.12183423781704799893E+02   ,0.4779228959236639,626.3799519751562
204.44,134.0,              0.11509800566220405926E+02   ,0.4287130156966867,638.3184655570735
204.44,135.0,              0.10827987923872020914E+02   ,0.3857390723925451,649.532192553338
204.44,136.0,              0.10153340834330574438E+02   ,0.3480572197802805,660.0335906074489
204.44,137.0,              0.94965995607762643260E+01   ,0.3148862079449928,669.8450763761703
204.44,138.0,              0.88649883425884858923E+01   ,0.2855778298744924,678.995642548633
204.44,139.0,              0.82630980466988166455E+01   ,0.2595924254886383,687.5183330208205
204.44,140.0,              0.76935650939613013932E+01   ,0.2364788989048245,695.4483770136866
204.44,141.0,              0.71575934934265781351E+01   ,0.2158580848963615,702.8218285920096
204.44,142.0,              0.66553585846574838669E+01   ,0.197409622641914,709.674596799309
204.44,143.0,              0.61863075221197663112E+01   ,0.1808614597590603,716.0417657811879
204.44,144.0,              0.57493865040384148912E+01   ,0.16598134134083,721.957133626567
204.44,145.0,              0.53432171969046624582E+01   ,0.1525701136960425,727.4529209371677
204.44,146.0,              0.49662189419485001096E+01   ,0.1404563575242156,732.5595962366403
204.44,147.0,              0.46167032203303817184E+01   ,0.1294918474744805,737.3057913044453
204.44,148.0,              0.42929442789006015957E+01   ,0.1195480451118522,741.7182836284578
204.44,149.0,              0.39932228680624990425E+01   ,0.1105130963381253,745.8220195928585
204.44,150.0,              0.37158609559457200788E+01   ,0.1022893265300092,749.6401698753342
204.44,151.0,              0.34592465146631292683E+01   ,0.09479121877495136,753.1942076087723
204.44,152.0,              0.32218438362999499702E+01   ,0.0879437112626762,756.5039951563348
204.44,153.0,              0.30022029533290575110E+01   ,0.08168067944935203,759.5878787891133
204.44,154.0,              0.27989662167506779156E+01   ,0.0759437829053251,762.4627887887693
204.44,155.0,              0.26108646625364140270E+01   ,0.07068140672772256,765.1443348580334
204.44,156.0,              0.24367188090851432669E+01   ,0.06584775672353847,767.6469014238422
204.44,157.0,              0.22754370752212027540E+01   ,0.06140213864138594,769.9837406377047
204.44,158.0,              0.21260093356005516085E+01   ,0.05730831681041694,772.1670582901157
204.44,159.0,              0.19875028134880807773E+01   ,0.05353392836916964,774.208095031973
204.44,160.0,              0.18590602215859175494E+01   ,0.05005004003506489,776.1172052935939
204.44,161.0,              0.17398912660567589228E+01   ,0.04683073895882305,777.9039272986095
204.44,162.0,              0.16292689569081886258E+01   ,0.0438527466838104,779.5770490022016
204.44,163.0,              0.15265266769958223403E+01   ,0.04109514109482234,781.1446708202922
204.44,164.0,              0.14310516712461069933E+01   ,0.03853908366557973,782.614261575204
204.44,165.0,              0.13422802785860303842E+01   ,0.03616757127820045,783.9927094250683
204.44,166.0,              0.12596964569057660377E+01   ,0.03396523804849026,785.2863711200225
204.44,167.0,              0.11828262879977233801E+01   ,0.0319181949942679,786.5011156030145
204.44,168.0,              0.11112334290564087613E+01   ,0.03001384096185837,787.6423628730327
204.44,169.0,              0.10445183795630823553E+01   ,0.02824074438384701,788.7151219969797
204.44,170.0,              0.98231436231668123327E+00   ,0.02658852319447436,789.7240248824907
204.44,171.0,              0.92428340486150661892E+00   ,0.02504772874039867,790.6733560160927
204.44,172.0,              0.87011519428531836073E+00   ,0.02360974522089461,791.567080955599
204.44,173.0,              0.81952545697675394099E+00   ,0.02226672571264291,792.4088731382882
204.44,174.0,              0.77225145229253477908E+00   ,0.02101150023058533,793.2021360908115
204.44,175.0,              0.72805157834190625810E+00   ,0.01983750767010311,793.9500251768236
204.44,176.0,              0.68670419914637803593E+00   ,0.01873874966312071,794.6554681256329
204.44,177.0,              0.64800480279036809517E+00   ,0.01770973138764672,795.3211826598109
204.44,178.0,              0.61176416501877328713E+00   ,0.01674540656999199,795.9496922313996
204.44,179.0,              0.57780879410677377095E+00   ,0.01584114337788599,796.5433421688844
204.44,180.0,              0.54597867303883884649E+00   ,0.01499269266129191,797.1043135345844
204.44,181.0,              0.51612523448185154695E+00   ,0.01419613650998554,797.6346349055763
204.44,182.0,              0.48811171046184403943E+00   ,0.01344786908389774,798.1361944851222
204.44,183.0,              0.46181225426993371963E+00   ,0.01274457103404657,798.610751310426
204.44,184.0,              0.43710996827411929821E+00   ,0.01208318090621891,799.0599444596064
204.44,185.0,              0.41389630669057697610E+00   ,0.01146086459287365,799.4853016308899
204.44,186.0,              0.39207173322107780056E+00   ,0.0108750109120051,799.888248375023
204.44,187.0,              0.37154379285753053042E+00   ,0.0103232058325747,800.2701153737132
204.44,188.0,              0.35222632631533151715E+00   ,0.009803210476535687,800.6321449105048
204.44,189.0,              0.33403966518473315883E+00   ,0.00931295116625908,800.9754975268559
204.44,190.0,              0.31691053250133816022E+00   ,0.00885051176275133,801.3012585711201
204.44,191.0,              0.30077027738405903712E+00   ,0.008414112450118652,801.6104429609541
204.44,192.0,              0.28555496514469491665E+00   ,0.00800209598399879,801.9040000220829
204.44,193.0,              0.27120575288919351875E+00   ,0.007612929093696259,802.1828187040657
204.44,194.0,              0.25766798705985194395E+00   ,0.007245187439078465,802.4477318785648
204.44,195.0,              0.24489030359758748312E+00   ,0.006897542855900794,802.6995197250183
204.44,196.0,              0.23282495374390921317E+00   ,0.006568756615258145,802.9389134353773
204.44,197.0,              0.22142809189256290603E+00   ,0.006257682618481812,803.1665992098885
204.44,198.0,              0.21065850619199294469E+00   ,0.005963250035891091,803.3832209661164
204.44,199.0,              0.20047750445203196823E+00   ,0.005684456991347586,803.5893829275599
204.44,200.0,              0.19084920142918113117E+00   ,0.005420369845806191,803.785652498835
204.44,201.0,              0.18174057350240607756E+00   ,0.005170122305995179,803.9725631946432
204.44,202.0,              0.17312031831666810366E+00   ,0.004932901679851808,804.1506164146398
204.44,203.0,              0.16495905031029672871E+00   ,0.004707944764151972,804.3202834097143
204.44,204.0,              0.15722964319037324721E+00   ,0.004494542250371195,804.482007595155
204.44,205.0,              0.14990694905118179259E+00   ,0.004292032661600403,804.6362065768678
204.44,206.0,              0.14296707413310533186E+00   ,0.004099793943270543,804.7832734449443
204.44,207.0,              0.13638749939233016373E+00   ,0.003917239750891121,804.9235781840875
204.44,208.0,              0.13014758389572408936E+00   ,0.003743826498175333,805.0574695944814
204.44,209.0,              0.12422801605344757636E+00   ,0.003579045141346802,805.1852766556761
204.44,210.0,              0.11861045131541413100E+00   ,0.00342241539279578,805.3073095223843
204.44,211.0,              0.11327750665632931037E+00   ,0.003273483651556579,805.4238605126923
204.44,212.0,              0.10821332247906113866E+00   ,0.003131829239926653,805.5352056644113
204.44,213.0,              0.10340301530837381350E+00   ,0.002997058272781173,805.6416057379924
204.44,214.0,              0.98832385432225597355E-01   ,0.002868796781455431,805.7433069202061
204.44,215.0,              0.94487952691133123007E-01   ,0.002746691610227153,805.8405415645074
204.44,216.0,              0.90357372891813531046E-01   ,0.002630414008939349,805.9335293514083
204.44,217.0,              0.86429164918121192951E-01   ,0.002519657633388643,806.0224781739598
204.44,218.0,              0.82692256809277248086E-01   ,0.002414129585037675,806.1075845603543
204.44,219.0,              0.79136145789060391431E-01   ,0.002313552804202281,806.1890342589476
204.44,220.0,              0.75751106093565362398E-01   ,0.00221766827050682,806.2670030333117
204.44,221.0,              0.72528237639630011024E-01   ,0.002126235930788212,806.3416575068819
204.44,222.0,              0.69458903670596178204E-01   ,0.002039026047042844,806.4131554365994
204.44,223.0,              0.66534858217705203365E-01   ,0.001955819413476054,806.4816461142308
204.44,224.0,              0.63748381346880503284E-01   ,0.001876410527482297,806.5472709061052
204.44,225.0,              0.61092470654415781395E-01   ,0.001800609209185715,806.6101639859688
204.44,226.0,              0.58560432373891309343E-01   ,0.001728235407939258,806.6704526537505
204.44,227.0,              0.56145753366982929788E-01   ,0.001659114933354308,806.7282575220509
204.44,228.0,              0.53842285098458224357E-01   ,0.001593083523524308,806.783692890673
204.44,229.0,              0.51644394864781714705E-01   ,0.001529988528354945,806.8368672740659
204.44,230.0,              0.49546896130986325946E-01   ,0.001469688199065673,806.887883858396
204.44,231.0,              0.47544673948063907731E-01   ,0.001412044815253146,806.9368405771593
204.44,232.0,              0.45632829677669246859E-01   ,0.001356926373210961,806.9838303332103
204.44,233.0,              0.43806757315884778392E-01   ,0.001304208881212209,807.0289412994072
204.44,234.0,              0.42062333471893482983E-01   ,0.001253778622460796,807.0722574115015
204.44,235.0,              0.40395598588537057205E-01   ,0.00120552762312043,807.1138585377132
204.44,236.0,              0.38802681782046301306E-01   ,0.00115935044457979,807.1538205699399
204.44,237.0,              0.37279838347544370925E-01   ,0.001115146112313256,807.1922155543995
204.44,238.0,              0.35823634875915021103E-01   ,0.001072820662154031,807.2291120099378
204.44,239.0,              0.34430971371657750901E-01   ,0.001032288290931569,807.2645752696003
204.44,240.0,              0.33098833237564531662E-01   ,0.0009934661074996476,807.2986675689453
204.44,241.0,              0.31824278968893532360E-01   ,0.000956273388818086,807.331448121303
204.44,242.0,              0.30604418336614959417E-01   ,0.0009206318408917678,807.3629731714806
204.44,243.0,              0.29436671262195499010E-01   ,0.0008864698772493797,807.39329631262
204.44,244.0,              0.28318647931172773180E-01   ,0.0008537215102407758,807.4224686820614
204.44,245.0,              0.27248098252847012535E-01   ,0.0008223237134009705,807.4505391040277
204.44,246.0,              0.26222748404437667968E-01   ,0.0007922141540573508,807.4775540665863
204.44,247.0,              0.25240390116204665383E-01   ,0.0007633319779021054,807.5035577886803
204.44,248.0,              0.24299004119071421909E-01   ,0.0007356213444590613,807.5285924141438
204.44,249.0,              0.23396749656285981828E-01   ,0.0007090309349491962,807.552698194735
204.44,250.0,              0.22531935875703065081E-01   ,0.0006835130354348844,807.5759136436462
204.44,251.0,              0.21702828995403593282E-01   ,0.0006590197012150147,807.5982754923429
204.44,252.0,              0.20907750351497611518E-01   ,0.0006355039277161507,807.6198187466221
204.44,253.0,              0.20145066455558441332E-01   ,0.0006129207878503383,807.6405767338654
204.44,254.0,              0.19413344721892850098E-01   ,0.0005912297528276249,807.66058130834
204.44,255.0,              0.18711261498034769540E-01   ,0.0005703938250227496,807.6798629636633
204.44,256.0,              0.18037550737618320007E-01   ,0.0005503771085764546,807.6984508915097
204.44,257.0,              0.17390938227154543322E-01   ,0.0005311438658586537,807.7163729736023
204.44,258.0,              0.16770138463780503990E-01   ,0.0005126581835231945,807.7336557702499
204.44,259.0,              0.16173978188800924860E-01   ,0.0004948868890423799,807.7503246353278
204.44,260.0,              0.15601367466935620043E-01   ,0.0004777995725848761,807.7664038023673
204.44,261.0,              0.15051361582450581769E-01   ,0.0004613690707731402,807.7819165330206
204.44,262.0,              0.14523011212694480684E-01   ,0.0004455688489710699,807.7968851130822
204.44,263.0,              0.14015390071831076643E-01   ,0.0004303722809411391,807.811330875435
204.44,264.0,              0.13527543212498787176E-01   ,0.0004157525661655854,807.8252741712137
204.44,265.0,              0.13058565256547761610E-01   ,0.0004016838641336861,807.8387344203342
204.44,266.0,              0.12607639449747182550E-01   ,0.0003881430015430629,807.8517302027856
204.44,267.0,              0.12174018885445283059E-01   ,0.0003751088575314145,807.8642793305286
204.44,268.0,              0.11757041141883344676E-01   ,0.0003625623488458302,807.8763989340194
204.44,269.0,              0.11356018766856774971E-01   ,0.0003504841642876349,807.8881054369506
204.44,270.0,              0.10970289934653102565E-01   ,0.0003388549978231781,807.8994145818829
204.44,271.0,              0.10599155408053917773E-01   ,0.0003276551059701012,807.910341392397
204.44,272.0,              0.10241970984546660758E-01   ,0.0003168656683832309,807.92090022905
204.44,273.0,              0.98981316811286874230E-02   ,0.0003064695163189719,807.9311048302472
204.44,274.0,              0.95670992896780358145E-02   ,0.0002964511643698983,807.9409683807014
204.44,275.0,              0.92483932030213780728E-02   ,0.0002867968697754872,807.9505035707742
204.44,276.0,              0.89415343770150191444E-02   ,0.0002774930947096514,807.959722598246
204.44,277.0,              0.86460728838396883750E-02   ,0.0002685266629448363,807.9686371977926
204.44,278.0,              0.83615184372347814423E-02   ,0.0002598836667343818,807.9772585998967
204.44,279.0,              0.80874133081128250777E-02   ,0.0002515504418612607,807.9855975636468
204.44,280.0,              0.78232884138834495047E-02   ,0.0002435135570805712,807.9936643656177
204.44,281.0,              0.75687243513982930404E-02   ,0.0002357605611660043,808.0014688505302
204.44,282.0,              0.73233323946547256716E-02   ,0.000228280291767253,808.0090204632165
204.44,283.0,              0.70867559180202823257E-02   ,0.0002210624807067548,808.0163282816153
204.44,284.0,              0.68586806700656963165E-02   ,0.0002140980354459439,808.0234010603207
204.44,285.0,              0.66387847861229124305E-02   ,0.0002073779439172129,808.0302472230508
204.44,286.0,              0.64267812901493649377E-02   ,0.0002008937088586409,808.0368748980497
204.44,287.0,              0.62223554228966896154E-02   ,0.0001946364818100516,808.0432918899543
204.44,288.0,              0.60252186628597615911E-02   ,0.000188597560180506,808.0495057061775
204.44,289.0,              0.58350678712394497133E-02   ,0.0001827682010010227,808.0555235422498
204.44,290.0,              0.56516160924184192030E-02   ,0.0001771397800513112,808.0613522981223
204.44,291.0,              0.54745905480100744839E-02   ,0.0001717041952017868,808.0669985928655
204.44,292.0,              0.53037203691438262326E-02   ,0.0001664534899358285,808.0724687667245
204.44,293.0,              0.51387708460852643197E-02   ,0.0001613805225348935,808.0777689180932
204.44,294.0,              0.49794971745867975393E-02   ,0.0001564782899160432,808.0829048935578
204.44,295.0,              0.48256942674468139912E-02   ,0.0001517405005341927,808.0878823283256
204.44,296.0,              0.46771465659497931874E-02   ,0.0001471610499774239,808.0927066359416
204.44,297.0,              0.45336645416332180605E-02   ,0.0001427342108927122,808.0973830346943
204.44,298.0,              0.43950607910346623647E-02   ,0.0001384545798154469,808.101916550065
204.44,299.0,              0.42611522775984674721E-02   ,0.0001343167961203608,808.1063120191387
204.44,300.0,              0.41317752023080659904E-02   ,0.0001303159548635596,808.1105741102958
