CRS,ColE
1334.9389851126275,0.042151272761129226
3796.464783412992,0.1686050910445169
3590.196634719027,0.379361454850163
2172.380465596919,0.6744203641780676
1672.9398802242683,1.0537818190282306
1566.326618125056,1.517445819400652
1872.5880386435888,2.065412365295332
1973.3216608173875,2.6976814567122704
2078.091347675737,3.414253093651467
1889.8302497304053,4.215127276112923
1607.1704290440855,5.100304004096636
1363.1712301516238,6.069783277602608
1282.2212389602175,7.1235650966308395
1200.6493510058417,8.261649461181328
1305.9387128319045,9.484036371254074
1424.7064393043422,10.790725826849082
1487.886483275058,12.181717827966347
1524.4888468122367,13.657012374605868
1482.8021856330242,15.21660946676765
1364.069171850242,16.86050910445169
1244.7698206789853,18.588711287657993
1148.3396748041507,20.401216016386545
1066.4340637097127,22.29802329063736
1030.7642963435158,24.27913311041043
1042.4634392855987,26.344545475705768
1076.0628857181423,28.494260386523358
1154.4562690070106,30.728277842863207
1194.4563097158375,33.04659784472531
1209.6601167403194,35.44922039210967
1225.7656674120335,37.9361454850163
1196.702261337543,40.507373123445184
1154.084437605781,43.16290330739633
1097.915310116363,45.902736036869726
1036.416547636314,48.72687131186539
960.3369495758361,51.635309132383306
917.3829476456723,54.62804949842347
907.2532438652739,57.70509240998591
907.9365808185106,60.8664378670706
919.5905880568617,64.11208586967757
944.9325259398095,67.44203641780676
978.4234891682995,70.85628951145823
996.2668324868755,74.35484515063197
1010.1768889072964,77.93770333532794
1030.0392525268762,81.60486406554618
1038.8168848699113,85.35632734128669
1022.274334725931,89.19209316254944
983.8647289141587,93.11216152933446
976.8915922483451,97.11653244164172
926.1880207910467,101.20520589947128
879.0439385790067,105.37818190282307
842.4746985902243,109.63546045169711
813.5270840806273,113.97704154609343
795.7406502665973,118.402925186012
794.9280009212318,122.91311137145283
799.6368767467629,127.5076001024159
803.7223857251818,132.18639137890125
813.9245218212977,136.94948520090887
832.3045977962614,141.7968815684387
851.7771281417251,146.72858048149084
874.8155403423004,151.7445819400652
892.1641188965054,156.84488594416186
885.217612236347,162.02949249378074
882.6382513162522,167.2984015889219
879.0464856207542,172.6516132295853
873.3601331329686,178.08912741577097
859.2617994959403,183.6109441474789
845.5327249926686,189.2170634247091
811.8052372319892,194.90748524746155
786.4449809839919,200.68220961573624
762.950431602047,206.54123652953322
744.4442956662774,212.4845659888524
728.9075872324236,218.5121979936939
717.9786884104079,224.62413254405763
710.6379577695673,230.82036963994364
703.6481885550879,237.1009092813519
696.0489027930249,243.4657514682824
695.6130695575047,249.9148962007352
703.0501166431569,256.4483434787103
713.0732795588722,263.0660933022075
722.5532942011284,269.76814567122705
731.254270077906,276.55450058576884
739.6950407799206,283.4251580458329
747.9014997655597,290.3801180514192
754.9973132711063,297.4193806025279
760.0452335154436,304.5429456991587
762.5794041382753,311.75081334131175
762.499756830779,319.0429835289871
759.8349997946617,326.4194562621847
754.6959197993349,333.8802315409046
747.2655813681126,341.42530936514675
737.8362773980053,349.0546897349111
726.7778258257441,356.76837265019776
714.5142686892174,364.5663581110067
701.4886737955013,372.44864611733783
688.1513335220047,380.4152366691913
675.1343797091506,388.4661297665669
662.4475146301996,396.6013254094649
650.6323527633468,404.8208235978851
639.9865866219866,413.12462433182753
630.7457786048085,421.5127276112923
623.0809893917422,429.9851334362792
617.0977333278179,438.54184180678845
612.8384628167155,447.18285272282
610.2867662073606,455.9081661843737
609.3731595574235,464.71778219144966
609.9823368935329,473.611700744048
611.9610084094594,482.58992184216856
615.1262169393398,491.6524454858113
619.2736765037605,500.7992716749764
624.1856247780751,510.0304004096636
629.6382576727073,519.3458316898732
635.4086806671758,528.745565515605
641.2810692393367,538.2296018868591
647.0520637898973,547.7979408036355
652.5352571561264,557.450582265934
657.5645593258846,567.1875262737548
662.2133823407815,577.008772827098
665.9412336337018,586.9143219259633
668.8594111086337,596.904173570351
670.8993995186299,606.9783277602608
672.0176128857346,617.136784495693
672.1942851593043,627.3795437766474
671.4319005943491,637.706605603124
669.7532759013972,648.117969975123
667.1994576936063,658.6136368926442
663.8274975221617,669.1936063556876
659.7079769775772,679.8578783642535
654.9223889388662,690.6064529183412
649.560562057343,701.4393300179514
643.7181417624687,712.3565096630839
637.49429712194,723.3579918537387
630.9895820037408,734.4437765899156
624.3037833742709,745.6138638716149
617.5339535459899,756.8682536988364
610.7726408762113,768.2069460715802
604.1063711146886,779.6299409898462
597.6144840112503,791.1372384536345
591.3681950314985,802.728838462945
585.6579557105107,814.4047410177778
580.0916977209807,826.1649461181329
574.9307658764276,838.0094537640102
570.2095215270526,849.9382639554096
565.9533224618837,861.9513766923317
562.1791572673001,874.0487919747756
558.8966201264576,886.230509802742
556.109134054463,898.4965301762305
553.8152562795614,910.8468530952415
552.0098229761395,923.2814785597745
550.6846301681804,935.80040656983
549.828357932783,948.4036371254076
549.4255468081972,961.0911702265076
549.4547701336384,973.8630058731296
549.8866571712091,986.7191440652739
550.6827261056033,999.6595848029408
551.7960579569434,1012.6843280861297
553.1744020663472,1025.7933739148411
554.7650894540905,1038.9867222890744
556.5198300889001,1052.26437320883
558.3970673396851,1065.626326674108
560.3609008732502,1079.0725826849082
562.3777177026169,1092.6031412412306
564.649939960794,1106.2180023430753
566.6762941163403,1119.9171659904425
568.648272184554,1133.7006321833317
570.5354454106955,1147.5684009217432
572.3179210320283,1161.5204722056767
573.9881005070955,1175.556846035133
575.5487300195947,1189.6775224101116
577.0086013998158,1203.8825013306118
578.3773966412641,1218.1717827966347
579.6603800705744,1232.5453668081798
580.8525290302375,1247.003253365247
581.9317256628054,1261.5454424678367
582.8528022237119,1276.1719341159485
583.5478980336713,1290.8827283095825
583.9401036802283,1305.677825048739
583.971880039633,1320.5572243334175
583.6389749921974,1335.5209261636185
583.0081255452515,1350.5689305393416
582.1939393398605,1365.701237460587
581.2941120557126,1380.9178469273545
580.3225310381471,1396.2187589396444
579.1975749579932,1411.6039734974568
577.8043176284666,1427.073490600791
576.0813284416475,1442.627310249648
574.0625398486853,1458.2654324440268
571.8487932808486,1473.9878571839279
569.8066006095744,1489.7945844693513
567.4743840734894,1505.6856143002972
565.1061867336304,1521.6609466767652
562.6687624883459,1537.7205815987554
560.1254302814488,1553.8645190662676
557.4551733384773,1570.0927590793026
554.6568834169456,1586.4053016378596
551.7433048659481,1602.8021467419387
548.7305217740156,1619.2832943915405
545.6259981151143,1635.8487445866642
542.4187928465548,1652.4984973273101
539.0813372024008,1669.2325526134787
535.5864506358017,1686.0509104451692
531.9252647418027,1702.9535708223818
528.1128330828741,1719.940533745117
524.183021668601,1737.0117992133744
520.1799277496935,1754.1673672271538
516.1496542444647,1771.4072377864559
512.1343641241156,1788.73141089128
508.1691168962128,1806.1398865416263
504.2809675117605,1823.632664737495
500.4898645351095,1841.2097454788857
496.8100771205639,1858.8711287657986
493.5053554309228,1876.6168145982344
490.0849669105688,1894.446802976192
486.8003399564778,1912.3610938996721
483.6562082333178,1930.3596873686743
480.6560754411112,1948.4425833831983
477.8018631594627,1966.6097819432453
475.09370496655856,1984.8612830488144
472.5304638740212,2003.1970866999056
