ColE,J,ecrs,iecrs,totcrs
204.44,0.0,              0.42363265056106623463E-01   ,0.009345373327179251,0.05170863838328587
204.44,1.0,              0.93958288327324057665E-02   ,0.02802352102348086,0.08912798823949913
204.44,2.0,              0.20924644886285465040E+00   ,0.04666391121880116,0.3450383483211549
204.44,3.0,              0.29139089353262891124E-01   ,0.06524151704293212,0.4394189547173499
204.44,4.0,              0.36174949431901404218E+00   ,0.08373158643001843,0.8849000354663824
204.44,5.0,              0.74892942791045094553E-01   ,0.1021099158727165,1.061902894130144
204.44,6.0,              0.47351942850793549145E+00   ,0.1203534786765791,1.655775801314658
204.44,7.0,              0.18238199428383969347E+00   ,0.1384421917853909,1.976599987383889
204.44,8.0,              0.50154813122744201781E+00   ,0.1563655406816754,2.634513659293006
204.44,9.0,              0.39766835249695908772E+00   ,0.1741643058564548,3.206346317646419
204.44,10.0,              0.40929425646412942452E+00   ,0.1940709670855479,3.809711541196097
204.44,11.0,              0.74381413525395645436E+00   ,0.20807999609233,4.761605672542382
204.44,12.0,              0.20537154350481584553E+00   ,0.2251608475510706,5.19213806359827
204.44,13.0,              0.11370766652118071693E+01   ,0.2418095865660599,6.571024315376138
204.44,14.0,              0.54272808107832977431E-01   ,0.2581318133361963,6.883428936820167
204.44,15.0,              0.13519231617841025450E+01   ,0.2741943318860777,8.509546430490348
204.44,16.0,              0.23245745282020671696E+00   ,0.2903400112748374,9.032343894585392
204.44,17.0,              0.11567091998360379268E+01   ,0.2369706035791646,10.42602369800059
204.44,18.0,              0.92652369594060746127E+00   ,0.3170970502079993,11.66964444414919
204.44,19.0,              0.45510463766897296667E+00   ,0.3318963622129139,12.45664544403108
204.44,20.0,              0.17692120152766650509E+01   ,0.3457526822666321,14.57161014157438
204.44,21.0,              0.68197237855143658103E-01   ,0.3589881945265653,14.99879557395609
204.44,22.0,              0.18637354281059590466E+01   ,0.3716518908776584,17.23418289293971
204.44,23.0,              0.79849251114939379104E+00   ,0.3837474829579635,18.41642288704706
204.44,24.0,              0.82472620308856525728E+00   ,0.3952666002396966,19.63641569037532
204.44,25.0,              0.21870871229475881137E+01   ,0.406198124711591,22.2297009380345
204.44,26.0,              0.75085377502268096928E-01   ,0.4165568336025493,22.72134314913932
204.44,27.0,              0.22086798479756635238E+01   ,0.426216570557114,25.3562395676721
204.44,28.0,              0.13575344145087497871E+01   ,0.4353129233775285,27.14908690555838
204.44,29.0,              0.51518602457334927713E+00   ,0.4438086806534549,28.10808161078518
204.44,30.0,              0.29280039818483367675E+01   ,0.4530551591310899,31.48914075176461
204.44,31.0,              0.50695448477145976796E+00   ,0.4582531681472102,32.45434840468328
204.44,32.0,              0.15163947277512765943E+01   ,0.4647665641868162,34.43550969662137
204.44,33.0,              0.29714178649824996015E+01   ,0.4705186784870549,37.87744624009092
204.44,34.0,              0.12775076204904764476E+00   ,0.4755684258891648,38.48076542802913
204.44,35.0,              0.24151673044516654976E+01   ,0.4800173358964762,41.37595006837728
204.44,36.0,              0.27234399537400104663E+01   ,0.4879481346178142,44.5873381567351
204.44,37.0,              0.62647768436470255282E-01   ,0.4857039242744429,45.13568984944601
204.44,38.0,              0.29809577909464470835E+01   ,0.4880020175216674,48.60464965791413
204.44,39.0,              0.29702153350326767622E+01   ,0.4894652448825181,52.06433023782933
204.44,40.0,              0.58073560180801786501E-01   ,0.4901619097742896,52.61256570778441
204.44,41.0,              0.31507962654085024390E+01   ,0.4901731427123563,56.25353511590527
204.44,42.0,              0.35323932662973418495E+01   ,0.4894844691748851,60.27541285137751
204.44,43.0,              0.10860738815418588543E+00   ,0.4878787486111393,60.87189898814283
204.44,44.0,              0.27413058281939202132E+01   ,0.4859030936457586,64.0991079099825
204.44,45.0,              0.44913619919377403278E+01   ,0.4831352116437382,69.07360511356399
204.44,46.0,              0.64771053764854302770E+00   ,0.4796930174842869,70.20100866869682
204.44,47.0,              0.15526870764455678042E+01   ,0.4756022691246763,72.22929801426704
204.44,48.0,              0.52002438678705900088E+01   ,0.4709612653473832,77.90050314748503
204.44,49.0,              0.24280183266197576941E+01   ,0.4653827912671155,80.79390426537189
204.44,50.0,              0.17601462563080516599E+00   ,0.459458618523468,81.42937750952619
204.44,51.0,              0.42003779020226890140E+01   ,0.4529227087202706,86.08267812026916
204.44,52.0,              0.51910555224815411179E+01   ,0.4458275175681524,91.71956116031885
204.44,53.0,              0.89600043984352784054E+00   ,0.438196793357141,93.0537583935195
204.44,54.0,              0.11348273723604289653E+01   ,0.4300627186013429,94.61864848448128
204.44,55.0,              0.56530392323538949384E+01   ,0.4214413462968019,100.6931290631319
204.44,56.0,              0.49637381133624307594E+01   ,0.4123616446124007,106.0692288211068
204.44,57.0,              0.55907763245855657264E+00   ,0.4028489826029735,107.0311554361683
204.44,58.0,              0.14544083813060930677E+01   ,0.3929270051915403,108.8784908226659
204.44,59.0,              0.61103275322895145294E+01   ,0.3826531469765477,115.371471501932
204.44,60.0,              0.58750267694036466537E+01   ,0.3720110428385567,121.6185093141742
204.44,61.0,              0.12793673549429656067E+01   ,0.3610674243854852,123.2589440935026
204.44,62.0,              0.55551718464309529644E+00   ,0.3498549884699918,124.1643162666157
204.44,63.0,              0.50664240772454842698E+01   ,0.3384092152206909,129.5691495590819
204.44,64.0,              0.75455179316911431542E+01   ,0.32676179900759,137.4414292897806
204.44,65.0,              0.42319986593369742778E+01   ,0.3149411859901472,141.9883691351078
204.44,66.0,              0.27972108355833347204E+00   ,0.3029772478404966,142.5710674665066
204.44,67.0,              0.14929913050655352347E+01   ,0.2909066737437206,144.3549654453158
204.44,68.0,              0.62208304060138166491E+01   ,0.2787738273778744,150.8545696787075
204.44,69.0,              0.83015062981818417143E+01   ,0.2666245530433514,159.4227005299327
204.44,70.0,              0.53095214798961789526E+01   ,0.2544972268064136,164.9867192366353
204.44,71.0,              0.10160352078409065069E+01   ,0.2424200839297563,166.245174528406
204.44,72.0,              0.34015185622522614572E+00   ,0.2304189870817904,166.815745371713
204.44,73.0,              0.39284423885360690853E+01   ,0.21852791385055,170.9627156740996
204.44,74.0,              0.81144307724114046465E+01   ,0.206789369442087,179.2839358159531
204.44,75.0,              0.90582775655541354354E+01   ,0.1952426647086465,188.5374560462159
204.44,76.0,              0.61929522596917356836E+01   ,0.1839145122141488,194.9143228181218
204.44,77.0,              0.21270372317047785415E+01   ,0.1728255313959337,197.2141855812225
204.44,78.0,              0.31614993030954621767E-01   ,0.1620035866688102,197.4078041609222
204.44,79.0,              0.12429784875029781244E+01   ,0.1514816258155314,198.8022642742407
204.44,80.0,              0.47588424448598143357E+01   ,0.1412810178920098,203.7023877369925
204.44,81.0,              0.83837662072672536340E+01   ,0.1314098639154166,212.2175638081752
204.44,82.0,              0.10261211577731334188E+02   ,0.1218843434347486,222.6006597293413
204.44,83.0,              0.97533612602815136228E+01   ,0.1127347484523701,232.4667557380752
204.44,84.0,              0.74123004903244620323E+01   ,0.1039771346643393,239.983033363064
204.44,85.0,              0.43915215843202366486E+01   ,0.09560092992706912,244.4701558773113
204.44,86.0,              0.17972697871690592741E+01   ,0.08760508198709258,246.3550307464674
204.44,87.0,              0.29786051525829365660E+00   ,0.08001629373277788,246.7329075554585
204.44,88.0,              0.49353765089824516710E-01   ,0.07284347696638983,246.8551047975147
204.44,89.0,              0.83169214362016397057E+00   ,0.0660489629767634,247.7528459041117
204.44,90.0,              0.22530593296340337695E+01   ,0.05959967364390078,250.0655049073896
204.44,91.0,              0.39205189152594241975E+01   ,0.05359689998767047,254.0396207226367
204.44,92.0,              0.55354726786605317201E+01   ,0.0482787754350969,259.6233721767324
204.44,93.0,              0.69200685051514145840E+01   ,0.04290913571739125,266.5863498176012
204.44,94.0,              0.79954580428696990779E+01   ,0.03638466601375203,274.6181925264846
204.44,95.0,              0.87393767475536030531E+01   ,0.03379002260585688,283.391359296644
204.44,96.0,              0.91698773983863368642E+01   ,0.035867673127505,292.5971043681578
204.44,97.0,              0.93111252148319945121E+01   ,0.01974840249084931,301.9279779854808
204.44,98.0,              0.91206098512122526500E+01   ,0.02022181872756889,311.0688096554205
204.44,99.0,              0.85384451447379099420E+01   ,0.009712432146674345,319.6169672323051
204.44,100.0,              0.74944832036784170270E+01   ,0.005200843406075225,327.1166512793896
204.44,101.0,              0.60233018457564355685E+01   ,4.946889770581543e-05,333.1400025940437
204.44,102.0,              0.40589014523351769625E+01   ,3.708683131914479e-06,337.198907755062
204.44,103.0,              0.10354499875665703623E+01   ,0.004955899172329474,338.239313641801
204.44,104.0,              0.34270328101976549329E+00   ,3.784247038863987e-09,338.582016926605
204.44,105.0,              0.18029405881344348628E+00   ,3.601376431499126e-09,338.7623109890198
204.44,106.0,              0.24406094827954976090E+01   ,1.4578724025975788e-10,341.2029204719611
204.44,107.0,              0.71654570397705477092E+01   ,3.9436123850339355e-09,348.3683775156752
204.44,108.0,              0.12318869535499949563E+02   ,2.906496907075763e-09,360.6872470540817
204.44,109.0,              0.13761998093579116187E+02   ,2.015727371740983e-11,374.4492451476809
204.44,110.0,              0.85530287959818842580E+01   ,9.129551640252359e-10,383.0022739445757
204.44,111.0,              0.10371757980948776989E+01   ,4.686562504106366e-10,384.0394497431393
204.44,112.0,              0.25115297670632878990E+01   ,2.1725947652896748e-11,386.5509795102244
204.44,113.0,              0.12918891660583524228E+02   ,1.649014348230774e-10,399.4698711709727
204.44,114.0,              0.10186362467246805608E+02   ,1.761373967569127e-12,409.6562336382213
204.44,115.0,              0.70120229866290595400E+00   ,3.196032054935105e-11,410.3574359369162
204.44,116.0,              0.14913260758927082250E+02   ,6.983018473320883e-13,425.2706966958439
204.44,117.0,              0.32010295307364025064E+01   ,4.935715415363962e-12,428.4717262265852
204.44,118.0,              0.14078466653164343203E+01   ,8.524475508438039e-13,429.8795728919026
204.44,119.0,              0.19290231817664563185E+00   ,1.8392949842457592e-14,430.0724752100792
204.44,120.0,              0.26054331750099910536E+01   ,1.626949243051864e-13,432.6779083850894
204.44,121.0,              0.60785529223204770588E+01   ,9.472239010732397e-14,438.75646130741
204.44,122.0,              0.94233622561876959622E+01   ,2.0924470534920793e-14,448.1798235635977
204.44,123.0,              0.12151372216848619345E+02   ,6.6083138125114456e-15,460.3311957804463
204.44,124.0,              0.14133948083193022427E+02   ,8.777736437056506e-15,474.4651438636394
204.44,125.0,              0.15412489237475858417E+02   ,1.429453324899171e-14,489.8776331011152
204.44,126.0,              0.16095824379143550686E+02   ,9.482386208545092e-15,505.9734574802588
204.44,127.0,              0.16307889501689757594E+02   ,1.371681231589528e-14,522.2813469819486
204.44,128.0,              0.16164067923461928444E+02   ,1.0473703862719081e-14,538.4454149054106
204.44,129.0,              0.15762703048289688823E+02   ,7.188151428678835e-15,554.2081179537003
204.44,130.0,              0.15183650023611352964E+02   ,1.1003276033823512e-14,569.3917679773117
204.44,131.0,              0.14489630997483569530E+02   ,5.253876900303556e-15,583.8813989747952
204.44,132.0,              0.13728534696266020632E+02   ,5.728552361645342e-15,597.6099336710612
204.44,133.0,              0.12935944989932437466E+02   ,6.369482365071212e-15,610.5458786609938
204.44,134.0,              0.12137592954375049814E+02   ,2.65870788035814e-15,622.6834716153688
204.44,135.0,              0.11351551754300720276E+02   ,4.611660082186785e-15,634.0350233696696
204.44,136.0,              0.10590094231331582009E+02   ,3.718589019470696e-15,644.6251176010011
204.44,137.0,              0.98611861602221413392E+01   ,3.290656616028768e-15,654.4863037612234
204.44,138.0,              0.91696349419278728732E+01   ,6.833527082143066e-15,663.6559387031512
204.44,139.0,              0.85179690431335934875E+01   ,3.717142882197535e-15,672.1739077462847
204.44,140.0,              0.79070877762010596257E+01   ,7.583719943224419e-15,680.0809955224858
204.44,141.0,              0.73367440951866971233E+01   ,1.039147171152697e-14,687.4177396176727
204.44,142.0,              0.68059080611009319384E+01   ,6.3442533693720106e-15,694.2236476787735
204.44,143.0,              0.63130292683098643280E+01   ,1.1091813626668421e-14,700.5366769470834
204.44,144.0,              0.58562300734048537976E+01   ,1.3775452681020692e-14,706.3929070204883
204.44,145.0,              0.54334528130970252136E+01   ,7.257114081236917e-15,711.8263598335855
204.44,146.0,              0.50425569602793141044E+01   ,1.1100720182715091e-14,716.8689167938649
204.44,147.0,              0.46813925868826204990E+01   ,1.2725387483382041e-14,721.5503093807474
204.44,148.0,              0.43478536348170457870E+01   ,5.783248614313747e-15,725.8981630155644
204.44,149.0,              0.40399071146611991168E+01   ,7.466906216980673e-15,729.9380701302258
204.44,150.0,              0.37556159332091674230E+01   ,8.704024750158996e-15,733.6936860634348
204.44,151.0,              0.34931539389515395833E+01   ,3.2448560750280988e-15,737.1868400023864
204.44,152.0,              0.32508081794139620513E+01   ,5.656178855704185e-15,740.4376481818005
204.44,153.0,              0.30269817497607656165E+01   ,5.232858177381556e-15,743.4646299315611
204.44,154.0,              0.28201950472759396149E+01   ,3.4994864755382467e-15,746.2848249788369
204.44,155.0,              0.26290776819150036836E+01   ,8.689295263285002e-15,748.9139026607521
204.44,156.0,              0.24523656989651416716E+01   ,8.418677344122584e-15,751.3662683597171
204.44,157.0,              0.22888970537723394294E+01   ,6.073142320933389e-15,753.6551654134897
204.44,158.0,              0.21376027327259601307E+01   ,1.503620420135305e-14,755.7927681462155
204.44,159.0,              0.19975006545876325958E+01   ,1.5654077387735342e-14,757.7902688008032
204.44,160.0,              0.18676922047656487891E+01   ,9.637074978110969e-15,759.657961005569
204.44,161.0,              0.17473523671908093302E+01   ,1.5730459995708602e-14,761.4053133727595
204.44,162.0,              0.16357249373835647255E+01   ,2.0503796145335813e-14,763.0410383101432
204.44,163.0,              0.15321186836841305112E+01   ,1.0409365086286801e-14,764.5731569938272
204.44,164.0,              0.14359000711640279579E+01   ,1.03663100590007e-14,766.0090570649913
204.44,165.0,              0.13464878641267556958E+01   ,1.5117713610689202e-14,767.3555449291181
204.44,166.0,              0.12633511445246590199E+01   ,8.75758883310691e-15,768.6188960736428
204.44,167.0,              0.11860033750738654401E+01   ,4.977137837507896e-15,769.8048994487166
204.44,168.0,              0.11139974888603800807E+01   ,8.776990441301979e-15,770.9188969375771
204.44,169.0,              0.10469248672837216940E+01   ,5.807327204667083e-15,771.9658218048608
204.44,170.0,              0.98441096321304466521E+00   ,5.3108812600992945e-15,772.9502327680739
204.44,171.0,              0.92611117232190909299E+00   ,1.1594526186920541e-14,773.8763439403957
204.44,172.0,              0.87170951645335026381E+00   ,9.750882000369204e-15,774.7480534568491
204.44,173.0,              0.82091687732391671606E+00   ,7.033467985587329e-15,775.5689703341731
204.44,174.0,              0.77346635904498717284E+00   ,1.7073365354915653e-14,776.3424366932182
204.44,175.0,              0.72911279744323642671E+00   ,1.9157214560583562e-14,777.0715494906613
204.44,176.0,              0.68763149721998229058E+00   ,1.00295709779885e-14,777.7591809878813
204.44,177.0,              0.64881531422726101965E+00   ,1.1168221909305401e-14,778.4079963021085
204.44,178.0,              0.61247275618121388430E+00   ,1.865949110332844e-14,779.0204690582899
204.44,179.0,              0.57842837905760946526E+00   ,1.1497017692424331e-14,779.5988974373473
204.44,180.0,              0.54652047900034472772E+00   ,4.806359070250087e-15,780.1454179163478
204.44,181.0,              0.51659903025163889101E+00   ,8.71339961062314e-15,780.6620169465994
204.44,182.0,              0.48852600472947160792E+00   ,8.47788637017247e-15,781.1505429513289
204.44,183.0,              0.46217446465451866855E+00   ,3.829922712715324e-15,781.6127174159834
204.44,184.0,              0.43742656514724737038E+00   ,1.009272207851537e-14,782.0501439811306
204.44,185.0,              0.41417293895994405917E+00   ,1.4143612174389381e-14,782.4643169200907
204.44,186.0,              0.39231333758579484128E+00   ,8.468058092645797e-15,782.8566302576763
204.44,187.0,              0.37175468530174654580E+00   ,9.936114710068937e-15,783.228384942978
204.44,188.0,              0.35241028280741909517E+00   ,2.2581054872872203e-14,783.5807952257856
204.44,189.0,              0.33419999196091076943E+00   ,2.004786697956823e-14,783.9149952177464
204.44,190.0,              0.31705012668323256930E+00   ,9.20455745124062e-15,784.2320453444297
204.44,191.0,              0.30089167763279839329E+00   ,1.1060925741286282e-14,784.5329370220624
204.44,192.0,              0.28566039824544192660E+00   ,1.8042595917035462e-14,784.818597420308
204.44,193.0,              0.27129717332064229307E+00   ,1.122543713660536e-14,785.0898945936286
204.44,194.0,              0.25774711064777416913E+00   ,5.192704467678892e-15,785.3476417042762
204.44,195.0,              0.24495863686132893222E+00   ,1.256993838903025e-14,785.5926003411377
204.44,196.0,              0.23288382082359471159E+00   ,1.4866162113667322e-14,785.8254841619614
204.44,197.0,              0.22147865704734487347E+00   ,7.352816167667402e-15,786.0469628190085
204.44,198.0,              0.21070179271750735794E+00   ,1.002188339240661e-14,786.2576646117263
204.44,199.0,              0.20051441232191052899E+00   ,2.235373839096786e-14,786.4581790240481
204.44,200.0,              0.19088052270420641232E+00   ,2.059000828391838e-14,786.6490595467523
204.44,201.0,              0.18176700539636272969E+00   ,8.931670957950574e-15,786.8308265521487
204.44,202.0,              0.17314247390520112746E+00   ,1.1781462126324762e-14,787.0039690260538
204.44,203.0,              0.16497746938959778618E+00   ,2.2678016558665883e-14,787.1689464954434
204.44,204.0,              0.15724480118938422013E+00   ,1.7403892953944953e-14,787.3261912966329
204.44,205.0,              0.14991926452306891804E+00   ,7.274821342371833e-15,787.476110561156
204.44,206.0,              0.14297691509204105142E+00   ,1.316582823661088e-14,787.619087476248
204.44,207.0,              0.13639518989927831849E+00   ,2.385773389239974e-14,787.7554826661471
204.44,208.0,              0.13015340942425210335E+00   ,1.703246142311819e-14,787.8856360755714
204.44,209.0,              0.12423222770482303390E+00   ,4.946703347443696e-15,788.0098683032763
204.44,210.0,              0.11861326964521802518E+00   ,1.120061346294682e-14,788.1284815729216
204.44,211.0,              0.11327912568614063871E+00   ,2.0484588871747652e-14,788.2417606986075
204.44,212.0,              0.10821391303514663051E+00   ,1.409740654706478e-14,788.3499746116428
204.44,213.0,              0.10340272733049893361E+00   ,5.327448463694847e-15,788.4533773389733
204.44,214.0,              0.98831350305470563877E-01   ,1.546254747008759e-14,788.5522086892789
204.44,215.0,              0.94486285694787883194E-01   ,3.236247454104626e-14,788.6466949749737
204.44,216.0,              0.90355175368018042503E-01   ,2.5158821022072613e-14,788.7370501503419
204.44,217.0,              0.86426525538597906428E-01   ,6.101303227439319e-15,788.8234766758803
204.44,218.0,              0.82689252858756445708E-01   ,9.00452214300648e-15,788.9061659287391
204.44,219.0,              0.79132844777156402527E-01   ,2.2557034612683843e-14,788.9852987735163
204.44,220.0,              0.75747567157169182206E-01   ,2.077346338658099e-14,789.0610463406736
204.44,221.0,              0.72524512282089531601E-01   ,9.376564342346265e-15,789.1335708529556
204.44,222.0,              0.69455036390812172065E-01   ,1.100540141035094e-14,789.2030258893463
204.44,223.0,              0.66530887596176688237E-01   ,3.4546526108782716e-14,789.2695567769427
204.44,224.0,              0.63744340879605163042E-01   ,4.5940094720362914e-14,789.3333011178223
204.44,225.0,              0.61088389364821957250E-01   ,2.10608710100266e-14,789.3943895071873
204.44,226.0,              0.58556335007727604303E-01   ,8.177056162596544e-16,789.4529458421949
204.44,227.0,              0.56141660979450294655E-01   ,3.3139932828656765e-14,789.5090875031744
204.44,228.0,              0.53838215740639690232E-01   ,7.392950527015947e-14,789.5629257189152
204.44,229.0,              0.51640363958425333779E-01   ,6.023842991510969e-14,789.6145660828735
204.44,230.0,              0.49542916639059776662E-01   ,1.393743375170741e-14,789.6641089995126
204.44,231.0,              0.47540756520065972912E-01   ,1.752443699728696e-15,789.7116497560326
204.44,232.0,              0.45628983100612516277E-01   ,2.323591294839916e-14,789.7572787391334
204.44,233.0,              0.43802988873462622710E-01   ,3.2448705367048115e-14,789.8010817280069
204.44,234.0,              0.42058649118389586363E-01   ,1.91992902287281e-14,789.8431403771252
204.44,235.0,              0.40392002911036214985E-01   ,3.197972774699122e-15,789.8835323800361
204.44,236.0,              0.38799178196363345861E-01   ,4.729917874856805e-16,789.9223315582325
204.44,237.0,              0.37276429357133565590E-01   ,3.931270630889807e-15,789.9596079875897
204.44,238.0,              0.35820322302852695973E-01   ,5.117776495811549e-15,789.9954283098925
204.44,239.0,              0.34427756350946768504E-01   ,2.451764046566263e-15,790.0298560662434
204.44,240.0,              0.33095716205322707471E-01   ,7.89867261013816e-16,790.0629517824487
204.44,241.0,              0.31821259785188286962E-01   ,1.7983895972866382e-16,790.0947730422338
204.44,242.0,              0.30601496424416167741E-01   ,4.0338907348996793e-16,790.1253745386583
204.44,243.0,              0.29433845805810644053E-01   ,4.994086462762566e-16,790.1548083844641
204.44,244.0,              0.28315917788463450255E-01   ,3.22257545628078e-16,790.1831243022527
204.44,245.0,              0.27245461963704056124E-01   ,3.613607872509314e-16,790.2103697642164
204.44,246.0,              0.26220204223232297658E-01   ,2.364451617747642e-16,790.2365899684394
204.44,247.0,              0.25237936110948828994E-01   ,5.0777558576675125e-16,790.2618279045503
204.44,248.0,              0.24296638317959799724E-01   ,3.072703867116675e-16,790.2861245428684
204.44,249.0,              0.23394469994998921131E-01   ,5.676512280216972e-16,790.3095190128633
204.44,250.0,              0.22529740178655454502E-01   ,3.87849845003916e-16,790.332048753042
204.44,251.0,              0.21700714941303732297E-01   ,5.127930078827625e-16,790.3537494679832
204.44,252.0,              0.20905715564027919917E-01   ,5.195071294457751e-16,790.3746551835474
204.44,253.0,              0.20143108571570228493E-01   ,4.500987865229071e-16,790.3947982921189
204.44,254.0,              0.19411461429385705457E-01   ,6.701798010295284e-16,790.4142097535484
204.44,255.0,              0.18709450485799541952E-01   ,4.3203643468295213e-16,790.4329192040343
204.44,256.0,              0.18035809670288498185E-01   ,7.630239364846793e-16,790.4509550137045
204.44,257.0,              0.17389264713864031886E-01   ,4.841330024955708e-16,790.4683442784184
204.44,258.0,              0.16768530175737695470E-01   ,7.47692877182402e-16,790.4851128085941
204.44,259.0,              0.16172432851868468601E-01   ,6.083862155410822e-16,790.5012852414459
204.44,260.0,              0.15599882894276025438E-01   ,6.541223619422582e-16,790.5168851243403
204.44,261.0,              0.15049935641080801688E-01   ,7.659547611383749e-16,790.5319350599813
204.44,262.0,              0.14521641767656415928E-01   ,5.620776156986268e-16,790.546456701749
204.44,263.0,              0.14014075020994744974E-01   ,8.746592053400246e-16,790.5604707767701
204.44,264.0,              0.13526280489877272328E-01   ,5.35942110319784e-16,790.57399705726
204.44,265.0,              0.13057352871056840740E-01   ,8.628376927201525e-16,790.587054410131
204.44,266.0,              0.12606475506825460739E-01   ,5.960130110547426e-16,790.5996608856378
204.44,267.0,              0.12172901554664864246E-01   ,7.393295007975947e-16,790.6118337871924
204.44,268.0,              0.11755968649052145683E-01   ,7.135174489524613e-16,790.6235897558415
204.44,269.0,              0.11354989368914714110E-01   ,5.873198108551017e-16,790.6349447452106
204.44,270.0,              0.10969301919822770780E-01   ,8.094884983130642e-16,790.6459140471304
204.44,271.0,              0.10598207111977500303E-01   ,4.893281373830106e-16,790.6565122542424
204.44,272.0,              0.10241060829536132240E-01   ,7.97995976291419e-16,790.6667533150719
204.44,273.0,              0.98972581360695904146E-02   ,4.784880517687336e-16,790.6766505732078
204.44,274.0,              0.95662609275616906912E-02   ,6.665884099529203e-16,790.6862168341355
204.44,275.0,              0.92475886274419587946E-02   ,5.373532417666523e-16,790.695464422763
204.44,276.0,              0.89407622488873114697E-02   ,4.913333262994317e-16,790.7044051850118
204.44,277.0,              0.86453318823578526042E-02   ,6.012557428683084e-16,790.713050516894
204.44,278.0,              0.83608072828967004708E-02   ,3.5856512604593733e-16,790.721411324177
204.44,279.0,              0.80867307676922468851E-02   ,5.886229862013702e-16,790.7294980549447
204.44,280.0,              0.78226333016260113373E-02   ,3.028453464838576e-16,790.7373206882465
204.44,281.0,              0.75680955546189258160E-02   ,4.771913834800418e-16,790.7448887838011
204.44,282.0,              0.73227288383296311111E-02   ,3.13408063298389e-16,790.7522115126394
204.44,283.0,              0.70861765912292673866E-02   ,3.300186347804424e-16,790.7592976892308
204.44,284.0,              0.68581245961759568566E-02   ,3.465813784962521e-16,790.7661558138269
204.44,285.0,              0.66382510140013473512E-02   ,2.1909785945181022e-16,790.7727940648408
204.44,286.0,              0.64262689131130510539E-02   ,3.41971847895728e-16,790.7792203337539
204.44,287.0,              0.62218635567882311921E-02   ,1.6321607213324351e-16,790.7854421973108
204.44,288.0,              0.60247464582366379651E-02   ,2.8177927212465322e-16,790.7914669437691
204.44,289.0,              0.58346145013361437257E-02   ,1.516815234449774e-16,790.7973015582703
204.44,290.0,              0.56511807779690706802E-02   ,2.1352679228681722e-16,790.8029527390484
204.44,291.0,              0.54741725277005198053E-02   ,1.6749316046698072e-16,790.8084269115761
204.44,292.0,              0.53033189317603984456E-02   ,1.765542664858132e-16,790.8137302305076
204.44,293.0,              0.51383853086976122651E-02   ,1.84835719703672e-16,790.8188686158164
204.44,294.0,              0.49791268855966996573E-02   ,1.5707122223019442e-16,790.8238477427022
204.44,295.0,              0.48253385998986465799E-02   ,2.009700831169083e-16,790.8286730813019
204.44,296.0,              0.46768049234840562700E-02   ,1.421070058917477e-16,790.8333498862253
204.44,297.0,              0.45333363489289714432E-02   ,2.4336639506553823e-16,790.8378832225743
204.44,298.0,              0.43947455124599601323E-02   ,1.491278575956159e-16,790.8422779680868
204.44,299.0,              0.42608493780438320628E-02   ,3.018191710728935e-16,790.8465388174648
204.44,300.0,              0.41314841788531384004E-02   ,1.95133622726164e-16,790.8506703016437
