CRS,ColE
0.0,0.042151272761129226
0.0,0.1686050910445169
0.0,0.379361454850163
0.0,0.6744203641780676
0.0,1.0537818190282306
0.0,1.517445819400652
0.0,2.065412365295332
0.0,2.6976814567122704
0.0,3.414253093651467
0.0,4.215127276112923
0.0,5.100304004096636
0.0,6.069783277602608
0.0,7.1235650966308395
0.0,8.261649461181328
0.0,9.484036371254074
0.0,10.790725826849082
0.0,12.181717827966347
0.0,13.657012374605868
0.0,15.21660946676765
0.0,16.86050910445169
0.0,18.588711287657993
0.0,20.401216016386545
0.0,22.29802329063736
0.0,24.27913311041043
0.0,26.344545475705768
0.0,28.494260386523358
0.0,30.728277842863207
0.0,33.04659784472531
0.0,35.44922039210967
0.0,37.9361454850163
0.0,40.507373123445184
0.0,43.16290330739633
0.0,45.902736036869726
0.0,48.72687131186539
0.0,51.635309132383306
0.0,54.62804949842347
0.0,57.70509240998591
0.0,60.8664378670706
0.0,64.11208586967757
0.0,67.44203641780676
0.0,70.85628951145823
0.0,74.35484515063197
0.0,77.93770333532794
3.1113590114641627,81.60486406554618
5.899028927622528,85.35632734128669
6.483110870686916,89.19209316254944
7.887685752126843,93.11216152933446
8.551896637369813,97.11653244164172
9.499375272423,101.20520589947128
11.157108084399155,105.37818190282307
11.312848141060815,109.63546045169711
12.008828105879124,113.97704154609343
12.856605128591736,118.402925186012
13.497705954266031,122.91311137145283
14.385899274211472,127.5076001024159
15.31084542661358,132.18639137890125
17.20130340373186,136.94948520090887
16.729154783235316,141.7968815684387
17.614207053415015,146.72858048149084
18.51836841053611,151.7445819400652
19.26146023617019,156.84488594416186
20.27701817186024,162.02949249378074
21.097922233742352,167.2984015889219
22.200418473694526,172.6516132295853
22.899119690116805,178.08912741577097
23.884605008133832,183.6109441474789
24.898419291439048,189.2170634247091
25.860601022330737,194.90748524746155
26.94740842229604,200.68220961573624
27.900238699596656,206.54123652953322
28.999154230336792,212.4845659888524
30.12414578346488,218.5121979936939
31.21282001708036,224.62413254405763
32.35566841656957,230.82036963994364
33.41205234786355,237.1009092813519
34.46427396258965,243.4657514682824
35.65152817908204,249.9148962007352
36.77189105620389,256.4483434787103
37.91857306717919,263.0660933022075
39.05466828243832,269.76814567122705
40.16993091920052,276.55450058576884
41.270422070553046,283.4251580458329
42.36457945499498,290.3801180514192
43.448319730952896,297.4193806025279
44.50321103310724,304.5429456991587
45.542001732608426,311.75081334131175
46.55020156521794,319.0429835289871
47.529330692369754,326.4194562621847
48.470450760805925,333.8802315409046
49.3723145018214,341.42530936514675
50.230149693344416,349.0546897349111
51.040503462192426,356.76837265019776
51.80016168725785,364.5663581110067
52.50505819579261,372.44864611733783
53.15230827383625,380.4152366691913
53.73863558313295,388.4661297665669
54.26120586467508,396.6013254094649
54.717742757855405,404.8208235978851
55.10624563389201,413.12462433182753
55.42524027036515,421.5127276112923
55.67399282214125,429.9851334362792
55.852307028077036,438.54184180678845
55.96065826055269,447.18285272282
56.00024871943644,455.9081661843737
55.972926525775755,464.71778219144966
55.88113273540044,473.611700744048
55.72798364810227,482.58992184216856
55.517261166992206,491.6524454858113
55.25335323224089,500.7992716749764
54.941342303134384,510.0304004096636
54.587012026388365,519.3458316898732
54.19673215074084,528.745565515605
53.77742186437798,538.2296018868591
53.336429077657634,547.7979408036355
52.88133269612301,557.450582265934
52.419802843832606,567.1875262737548
51.95943229425588,577.008772827098
51.507567816974955,586.9143219259633
51.07118567043821,596.904173570351
50.65673020015657,606.9783277602608
50.26996459837331,617.136784495693
49.91582781152672,627.3795437766474
49.59825959941,637.706605603124
49.32008180410556,648.117969975123
49.08292249537698,658.6136368926442
48.88715103761507,669.1936063556876
48.731928481308834,679.8578783642535
48.61529465861863,690.6064529183412
48.534237658471504,701.4393300179514
48.484863148517576,712.3565096630839
48.46253933706942,723.3579918537387
48.4620436939988,734.4437765899156
48.47785874154741,745.6138638716149
48.504471133881886,756.8682536988364
48.53671809203141,768.2069460715802
48.57013969568593,779.6299409898462
48.60118375673187,791.1372384536345
48.62736109781856,802.728838462945
48.64733182052956,814.4047410177778
48.66097042709184,826.1649461181329
48.669415397380206,838.0094537640102
48.67495975492612,849.9382639554096
48.680766868455045,861.9513766923317
48.69038461750344,874.0487919747756
48.707068831813416,886.230509802742
48.733036566456704,898.4965301762305
48.76871992626776,910.8468530952415
48.812129010794074,923.2814785597745
48.85863452093885,935.80040656983
48.90159233938439,948.4036371254076
48.93406708683883,961.0911702265076
48.9513884427306,973.8630058731296
48.95371785926215,986.7191440652739
48.947688533007785,999.6595848029408
48.946243718714335,1012.6843280861297
48.96616146064867,1025.7933739148411
49.023766062452886,1038.9867222890744
49.13060227832651,1052.26437320883
49.29141501059084,1065.626326674108
49.50556736153972,1079.0725826849082
49.770830278285935,1092.6031412412306
50.08717480038423,1106.2180023430753
50.45806847335198,1119.9171659904425
50.88793426848554,1133.7006321833317
51.3771180662882,1147.5684009217432
51.917326893950154,1161.5204722056767
52.49008520314935,1175.556846035133
53.06879148671366,1189.6775224101116
53.6230040417656,1203.8825013306118
54.12358520832012,1218.1717827966347
54.54807142908199,1232.5453668081798
54.88660199752688,1247.003253365247
55.14867535129781,1261.5454424678367
55.36898463194797,1276.1719341159485
55.6069906941664,1290.8827283095825
55.933258436594414,1305.677825048739
56.40096608573658,1320.5572243334175
57.011834496647595,1335.5209261636185
57.69829833171049,1350.5689305393416
58.34655800689024,1365.701237460587
58.86126604926864,1380.9178469273545
59.23225694628811,1396.2187589396444
59.546098685611256,1411.6039734974568
59.923817893085534,1427.073490600791
60.434016387939515,1442.627310249648
61.05083199453977,1458.2654324440268
61.682229928381936,1473.9878571839279
62.2346116907651,1489.7945844693513
62.66229120712117,1505.6856143002972
62.976045484836405,1521.6609466767652
63.22003154962791,1537.7205815987554
63.44208408277899,1553.8645190662676
63.67459565826239,1570.0927590793026
63.93020657443522,1586.4053016378596
64.20770050524955,1602.8021467419387
64.50241460523738,1619.2832943915405
64.81824561477036,1635.8487445866642
65.1773717513806,1652.4984973273101
65.61835372899985,1669.2325526134787
66.17905909347014,1686.0509104451692
66.87875930952079,1702.9535708223818
67.71250208291659,1719.940533745117
68.65607964107896,1737.0117992133744
69.67467951980024,1754.1673672271538
70.73108300246157,1771.4072377864559
71.79150820297319,1788.73141089128
72.82882468216674,1806.1398865416263
73.82347167180558,1823.632664737495
74.76255233451731,1841.2097454788857
75.63826853283295,1858.8711287657986
76.44624930794316,1876.6168145982344
77.18418745656125,1894.446802976192
77.85114121189963,1912.3610938996721
78.44705668410664,1930.3596873686743
78.97257537388033,1948.4425833831983
79.42938555884008,1966.6097819432453
79.82044597811641,1984.8612830488144
80.14967125466448,2003.1970866999056
