ColE,J,ecrs,iecrs,totcrs
204.44,0.0,              0.11312139287775820236E-03   ,0.0,0.0001131213928777582
204.44,1.0,              0.19147144146698108491E+00   ,0.0,0.1915845628598588
204.44,2.0,              0.21427094748388306016E-02   ,0.0,0.1937272723346976
204.44,3.0,              0.44152520641312981153E+00   ,0.0,0.6352524787478275
204.44,4.0,              0.17451165316863283261E-01   ,0.0,0.6527036440646908
204.44,5.0,              0.66397792914688458232E+00   ,0.0,1.316681573211575
204.44,6.0,              0.82912436239027845208E-01   ,0.0,1.399594009450603
204.44,7.0,              0.80477002890239457411E+00   ,0.0,2.204364038352997
204.44,8.0,              0.26920662610314727292E+00   ,0.0,2.473570664456144
204.44,9.0,              0.78230231543356187895E+00   ,0.0,3.255872979889706
204.44,10.0,              0.65585139607679587836E+00   ,0.0,3.911724375966502
204.44,11.0,              0.54101927318620068874E+00   ,0.0,4.452743649152703
204.44,12.0,              0.12439603979585605043E+01   ,0.0,5.696704047111264
204.44,13.0,              0.16948550380070917520E+00   ,0.0,5.866189550911972
204.44,14.0,              0.18243700273831635617E+01   ,0.0,7.690559578295136
204.44,15.0,              0.90856333803286740136E-02   ,0.0,7.699645211675466
204.44,16.0,              0.19502902072379295628E+01   ,0.0,9.649935418913396
204.44,17.0,              0.52921419863916419057E+00   ,0.0,10.17914961755256
204.44,18.0,              0.12740192720455916220E+01   ,0.0,11.45316888959815
204.44,19.0,              0.17701019925298349111E+01   ,0.0,13.22327088212798
204.44,20.0,              0.23354894712521206968E+00   ,0.0,13.4568198292532
204.44,21.0,              0.27514507136218275818E+01   ,0.0,16.20827054287502
204.44,22.0,              0.20703912432355148221E+00   ,0.0,16.41530966719857
204.44,23.0,              0.21085052968744317781E+01   ,0.0,18.52381496407301
204.44,24.0,              0.19241873798269857332E+01   ,0.0,20.44800234389999
204.44,25.0,              0.35591376344427366751E+00   ,0.0,20.80391610734426
204.44,26.0,              0.33925803064194921532E+01   ,0.0,24.19649641376376
204.44,27.0,              0.46852130517199896964E+00   ,0.0,24.66501771893575
204.44,28.0,              0.19580470995782937038E+01   ,0.0,26.62306481851405
204.44,29.0,              0.31123124381401732208E+01   ,0.0,29.73537725665422
204.44,30.0,              0.35531053251459964772E-02   ,0.0,29.73893036197937
204.44,31.0,              0.34605850853039541448E+01   ,0.0,33.19951544728332
204.44,32.0,              0.22105347689356515950E+01   ,0.0,35.41005021621897
204.44,33.0,              0.39933021074738322964E+00   ,0.0,35.80938042696634
204.44,34.0,              0.43214585412176047541E+01   ,0.0,40.13083896818395
204.44,35.0,              0.15332769553800595919E+01   ,0.0,41.66411592356401
204.44,36.0,              0.94099010317195219688E+00   ,0.0,42.60510602673596
204.44,37.0,              0.47957941616723349654E+01   ,0.0,47.4009001884083
204.44,38.0,              0.13385854590811481213E+01   ,0.0,48.73948564748945
204.44,39.0,              0.11406382999605382267E+01   ,0.0,49.88012394744998
204.44,40.0,              0.51741139220895915329E+01   ,0.0,55.05423786953957
204.44,41.0,              0.17096365355103106953E+01   ,0.0,56.76387440504988
204.44,42.0,              0.81501188603610019712E+00   ,0.0,57.57888629108598
204.44,43.0,              0.53768681547099550500E+01   ,0.0,62.95575444579594
204.44,44.0,              0.28524423853778269056E+01   ,0.0,65.80819683117375
204.44,45.0,              0.16974692793751577913E+00   ,0.0,65.97794375911126
204.44,46.0,              0.47986426997112507919E+01   ,0.0,70.77658645882252
204.44,47.0,              0.48221741472392833927E+01   ,0.0,75.5987606060618
204.44,48.0,              0.20842062242195882882E+00   ,0.0,75.80718122848377
204.44,49.0,              0.27254365135102713857E+01   ,0.0,78.53261774199403
204.44,50.0,              0.64605040211740902834E+01   ,0.0,84.9931217631681
204.44,51.0,              0.25539669823506589985E+01   ,0.0,87.54708874551876
204.44,52.0,              0.22347117472328598131E+00   ,0.0,87.77055992024206
204.44,53.0,              0.49952558326269436151E+01   ,0.0,92.76581575286905
204.44,54.0,              0.64530172785811599212E+01   ,0.0,99.21883303145017
204.44,55.0,              0.15318984162917066438E+01   ,0.0,100.7507314477418
204.44,56.0,              0.68186708682146790483E+00   ,0.0,101.4325985345633
204.44,57.0,              0.57976136123560060298E+01   ,0.0,107.2302121469193
204.44,58.0,              0.68976725065702417794E+01   ,0.0,114.1278846534896
204.44,59.0,              0.19929331584198965999E+01   ,0.0,116.1208178119095
204.44,60.0,              0.29470660515085628228E+00   ,0.0,116.4155244170603
204.44,61.0,              0.49373424282883053849E+01   ,0.0,121.3528668453486
204.44,62.0,              0.79864568590263438352E+01   ,0.0,129.339323704375
204.44,63.0,              0.45105910779069500194E+01   ,0.0,133.8499147822819
204.44,64.0,              0.23786616911390631723E+00   ,0.0,134.0877809513958
204.44,65.0,              0.18092003870825508205E+01   ,0.0,135.8969813384784
204.44,66.0,              0.69001841380508608381E+01   ,0.0,142.7971654765293
204.44,67.0,              0.83945813507694673206E+01   ,0.0,151.1917468272987
204.44,68.0,              0.44820527250578754419E+01   ,0.0,155.6737995523566
204.44,69.0,              0.38340547366590455036E+00   ,0.0,156.0572050260225
204.44,70.0,              0.11278513656557926925E+01   ,0.0,157.1850563916783
204.44,71.0,              0.57464452205621006087E+01   ,0.0,162.9315016122404
204.44,72.0,              0.91490409691269682924E+01   ,0.0,172.0805425813673
204.44,73.0,              0.79969259243066854737E+01   ,0.0,180.077468505674
204.44,74.0,              0.36979132153075111589E+01   ,0.0,183.7753817209815
204.44,75.0,              0.34266914421062344420E+00   ,0.0,184.1180508651922
204.44,76.0,              0.72277649818248379532E+00   ,0.0,184.8408273633747
204.44,77.0,              0.43261644807454828765E+01   ,0.0,189.1669918441201
204.44,78.0,              0.83636523171711303348E+01   ,0.0,197.5306441612912
204.44,79.0,              0.10177223506367742090E+02   ,0.0,207.707867667659
204.44,80.0,              0.89199121264481888716E+01   ,0.0,216.6277797941072
204.44,81.0,              0.56343687700977396204E+01   ,0.0,222.2621485642049
204.44,82.0,              0.22129792905272984704E+01   ,0.0,224.4751278547322
204.44,83.0,              0.22499338738647131630E+00   ,0.0,224.7001212421187
204.44,84.0,              0.28767415802817675186E+00   ,0.0,224.9877954001469
204.44,85.0,              0.20911642352849462156E+01   ,0.0,227.0789596354318
204.44,86.0,              0.48111546169881993507E+01   ,0.0,231.89011425242
204.44,87.0,              0.75732283878972914692E+01   ,0.0,239.4633426403173
204.44,88.0,              0.97564173422960411841E+01   ,0.0,249.2197599826133
204.44,89.0,              0.11087821441039690029E+02   ,0.0,260.307581423653
204.44,90.0,              0.11587434803926335292E+02   ,0.0,271.8950162275793
204.44,91.0,              0.11450459478391692869E+02   ,0.0,283.3454757059711
204.44,92.0,              0.10933137975371378658E+02   ,0.0,294.2786136813425
204.44,93.0,              0.10274913903254391911E+02   ,0.0,304.5535275845969
204.44,94.0,              0.96625596409337735082E+01   ,0.0,314.2160872255307
204.44,95.0,              0.92251867696061218282E+01   ,0.0,323.4412739951368
204.44,96.0,              0.90441419613617028972E+01   ,0.0,332.4854159564985
204.44,97.0,              0.91654680191879869255E+01   ,0.0,341.6508839756864
204.44,98.0,              0.96068895530302071961E+01   ,0.0,351.2577735287167
204.44,99.0,              0.10351709544698872278E+02   ,0.0,361.6094830734156
204.44,100.0,              0.11323016948066763732E+02   ,0.0,372.9325000214823
204.44,101.0,              0.12339628313094335610E+02   ,0.0,385.2721283345767
204.44,102.0,              0.13069226781919914160E+02   ,0.0,398.3413551164966
204.44,103.0,              0.13015025525468683298E+02   ,0.0,411.3563806419653
204.44,104.0,              0.11612353405959371599E+02   ,0.0,422.9687340479247
204.44,105.0,              0.85424976212230649963E+01   ,0.0,431.5112316691478
204.44,106.0,              0.42891704884405124076E+01   ,0.0,435.8004021575882
204.44,107.0,              0.67352474248040117288E+00   ,0.0,436.4739269000687
204.44,108.0,              0.55964453054359974971E+00   ,0.0,437.0335714306123
204.44,109.0,              0.56197609601434770354E+01   ,0.0,442.6533323907558
204.44,110.0,              0.12609166124363296646E+02   ,0.0,455.2624985151191
204.44,111.0,              0.13122416534685386935E+02   ,0.0,468.3849150498045
204.44,112.0,              0.41553869070123647944E+01   ,0.0,472.5403019568169
204.44,113.0,              0.97730147496080421732E+00   ,0.0,473.5176034317777
204.44,114.0,              0.12849712244290317997E+02   ,0.0,486.367315676068
204.44,115.0,              0.72492812410507081466E+01   ,0.0,493.6165969171187
204.44,116.0,              0.13856750794759912893E+02   ,0.0,507.4733477118786
204.44,117.0,              0.70049364017565087792E+01   ,0.0,514.4782841136351
204.44,118.0,              0.70076196231345122545E+00   ,0.0,515.1790460759485
204.44,119.0,              0.38407849133212373927E+00   ,0.0,515.5631245672807
204.44,120.0,              0.29679097022398606143E+01   ,0.0,518.5310342695205
204.44,121.0,              0.64136155075852947505E+01   ,0.0,524.9446497771058
204.44,122.0,              0.96776804763556523170E+01   ,0.0,534.6223302534615
204.44,123.0,              0.12323094137275859339E+02   ,0.0,546.9454243907373
204.44,124.0,              0.14237560188338326483E+02   ,0.0,561.1829845790757
204.44,125.0,              0.15465229886389570524E+02   ,0.0,576.6482144654652
204.44,126.0,              0.16112873977031352268E+02   ,0.0,592.7610884424965
204.44,127.0,              0.16301160611554237789E+02   ,0.0,609.0622490540508
204.44,128.0,              0.16142362839948351194E+02   ,0.0,625.2046118939991
204.44,129.0,              0.15732280763755126074E+02   ,0.0,640.9368926577544
204.44,130.0,              0.15148826657413081875E+02   ,0.0,656.0857193151674
204.44,131.0,              0.14453293416060562393E+02   ,0.0,670.5390127312281
204.44,132.0,              0.13692545656345068039E+02   ,0.0,684.231558387573
204.44,133.0,              0.12901449943043999724E+02   ,0.0,697.1330083306171
204.44,134.0,              0.12105245849251932810E+02   ,0.0,709.238254179869
204.44,135.0,              0.11321677244950112851E+02   ,0.0,720.5599314248192
204.44,136.0,              0.10562801790903609600E+02   ,0.0,731.1227332157229
204.44,137.0,              0.98364488976081112526E+01   ,0.0,740.9591821133309
204.44,138.0,              0.91473432381864867580E+01   ,0.0,750.1065253515173
204.44,139.0,              0.84979665637229224728E+01   ,0.0,758.6044919152401
204.44,140.0,              0.78891952812920234095E+01   ,0.0,766.4936871965323
204.44,141.0,              0.73207749109096669216E+01   ,0.0,773.8144621074421
204.44,142.0,              0.67916778542876770075E+01   ,0.0,780.6061399617296
204.44,143.0,              0.63003619612446186693E+01   ,0.0,786.9065019229743
204.44,144.0,              0.58449611778040697629E+01   ,0.0,792.7514631007784
204.44,145.0,              0.54234310402966023901E+01   ,0.0,798.174894141075
204.44,146.0,              0.50336447141499505165E+01   ,0.0,803.2085388552247
204.44,147.0,              0.46734657576952063351E+01   ,0.0,807.88200461292
204.44,148.0,              0.43408009601413874989E+01   ,0.0,812.2228055730614
204.44,149.0,              0.40336293067507842380E+01   ,0.0,816.2564348798123
204.44,150.0,              0.37500246939552224212E+01   ,0.0,820.0064595737675
204.44,151.0,              0.34881709409288279566E+01   ,0.0,823.4946305146962
204.44,152.0,              0.32463640668819020441E+01   ,0.0,826.7409945815782
204.44,153.0,              0.30230151927691322200E+01   ,0.0,829.7640097743473
204.44,154.0,              0.28166518582703043982E+01   ,0.0,832.5806616326175
204.44,155.0,              0.26259100093211493743E+01   ,0.0,835.2065716419388
204.44,156.0,              0.24495312973775305032E+01   ,0.0,837.6561029393162
204.44,157.0,              0.22863586267105731054E+01   ,0.0,839.9424615660269
204.44,158.0,              0.21353273473977769648E+01   ,0.0,842.0777889134245
204.44,159.0,              0.19954592234849868326E+01   ,0.0,844.0732481369095
204.44,160.0,              0.18658590248945305934E+01   ,0.0,845.939107161804
204.44,161.0,              0.17457047141461183859E+01   ,0.0,847.6848118759501
204.44,162.0,              0.16342427082620918366E+01   ,0.0,849.3190545842122
204.44,163.0,              0.15307840821296514466E+01   ,0.0,850.8498386663418
204.44,164.0,              0.14346973313515440918E+01   ,0.0,852.2845359976934
204.44,165.0,              0.13454030090769615313E+01   ,0.0,853.6299390067704
204.44,166.0,              0.12623717726784171589E+01   ,0.0,854.8923107794488
204.44,167.0,              0.11851184732947070977E+01   ,0.0,856.0774292527436
204.44,168.0,              0.11131972693316092293E+01   ,0.0,857.1906265220751
204.44,169.0,              0.10462006234340202049E+01   ,0.0,858.2368271455092
204.44,170.0,              0.98375494327150858620E+00   ,0.0,859.2205820887807
204.44,171.0,              0.92551646895521499925E+00   ,0.0,860.1460985577359
204.44,172.0,              0.87116996934550205989E+00   ,0.0,861.0172685270815
204.44,173.0,              0.82042698713593287252E+00   ,0.0,861.8376955142173
204.44,174.0,              0.77302121256025446705E+00   ,0.0,862.6107167267775
204.44,175.0,              0.72870800131371393782E+00   ,0.0,863.3394247280913
204.44,176.0,              0.68726311932471761956E+00   ,0.0,864.026687847416
204.44,177.0,              0.64847983221063376646E+00   ,0.0,864.6751676796266
204.44,178.0,              0.61216701222833813656E+00   ,0.0,865.2873346918549
204.44,179.0,              0.57814953958143677770E+00   ,0.0,865.8654842314364
204.44,180.0,              0.54626599907832718017E+00   ,0.0,866.4117502305148
204.44,181.0,              0.51636662269975797113E+00   ,0.0,866.9281168532145
204.44,182.0,              0.48831361228324282608E+00   ,0.0,867.4164304654977
204.44,183.0,              0.46198023508501229184E+00   ,0.0,867.8784107005828
204.44,184.0,              0.43724882969726497350E+00   ,0.0,868.3156595302801
204.44,185.0,              0.41401019297148389242E+00   ,0.0,868.7296697232515
204.44,186.0,              0.39216422319645710681E+00   ,0.0,869.121833946448
204.44,187.0,              0.37161797617790776060E+00   ,0.0,869.493451922626
204.44,188.0,              0.35228487070729563868E+00   ,0.0,869.8457367933332
204.44,189.0,              0.33408487460889302323E+00   ,0.0,870.1798216679421
204.44,190.0,              0.31694439682649294676E+00   ,0.0,870.4967660647687
204.44,191.0,              0.30079451357900266473E+00   ,0.0,870.7975605783475
204.44,192.0,              0.28557105524500875360E+00   ,0.0,871.0831316335926
204.44,193.0,              0.27121497587728432554E+00   ,0.0,871.3543466094698
204.44,194.0,              0.25767144555548465723E+00   ,0.0,871.6120180550253
204.44,195.0,              0.24488894719925474730E+00   ,0.0,871.8569070022244
204.44,196.0,              0.23281960047983854545E+00   ,0.0,872.0897266027044
204.44,197.0,              0.22141944569114188623E+00   ,0.0,872.3111460483955
204.44,198.0,              0.21064717139010177838E+00   ,0.0,872.5217932197856
204.44,199.0,              0.20046399956482743865E+00   ,0.0,872.7222572193504
204.44,200.0,              0.19083397095495019391E+00   ,0.0,872.9130911903055
204.44,201.0,              0.18172399772192973644E+00   ,0.0,873.0948151880274
204.44,202.0,              0.17310272115834468565E+00   ,0.0,873.2679179091857
204.44,203.0,              0.16494070766391524807E+00   ,0.0,873.4328586168496
204.44,204.0,              0.15721078939708918454E+00   ,0.0,873.5900694062468
204.44,205.0,              0.14988778232038330041E+00   ,0.0,873.7399571885671
204.44,206.0,              0.14294776096604772109E+00   ,0.0,873.882904949533
204.44,207.0,              0.13636817952943922072E+00   ,0.0,874.0192731290626
204.44,208.0,              0.13012837403851146290E+00   ,0.0,874.1494015031009
204.44,209.0,              0.12420901269034163861E+00   ,0.0,874.2736105157913
204.44,210.0,              0.11859173329686711895E+00   ,0.0,874.3922022490883
204.44,211.0,              0.11325913812196802821E+00   ,0.0,874.5054613872102
204.44,212.0,              0.10819535506830244009E+00   ,0.0,874.6136567422786
204.44,213.0,              0.10338548951670573084E+00   ,0.0,874.7170422317954
204.44,214.0,              0.98815332161240623798E-01   ,0.0,874.8158575639565
204.44,215.0,              0.94471394941405092971E-01   ,0.0,874.9103289588979
204.44,216.0,              0.90341327133241139391E-01   ,0.0,875.0006702860312
204.44,217.0,              0.86413641717745279247E-01   ,0.0,875.0870839277488
204.44,218.0,              0.82677261639576338226E-01   ,0.0,875.1697611893883
204.44,219.0,              0.79121680061836369147E-01   ,0.0,875.2488828694501
204.44,220.0,              0.75737168028442616863E-01   ,0.0,875.3246200374786
204.44,221.0,              0.72514822602588055456E-01   ,0.0,875.3971348600812
204.44,222.0,              0.69446004423866322663E-01   ,0.0,875.466580864505
204.44,223.0,              0.66522465643543693403E-01   ,0.0,875.5331033301486
204.44,224.0,              0.63736484898188089376E-01   ,0.0,875.5968398150469
204.44,225.0,              0.61081058715932286252E-01   ,0.0,875.6579208737628
204.44,226.0,              0.58549492131196853584E-01   ,0.0,875.7164703658939
204.44,227.0,              0.56135271222895646859E-01   ,0.0,875.7726056371168
204.44,228.0,              0.53832247048084917729E-01   ,0.0,875.8264378841651
204.44,229.0,              0.51634786693819802184E-01   ,0.0,875.8780726708588
204.44,230.0,              0.49537703356509303620E-01   ,0.0,875.9276103742154
204.44,231.0,              0.47535881856079882646E-01   ,0.0,875.9751462560715
204.44,232.0,              0.45624423575977221534E-01   ,0.0,876.0207706796473
204.44,233.0,              0.43798722742228707316E-01   ,0.0,876.0645694023895
204.44,234.0,              0.42054656212270599691E-01   ,0.0,876.1066240586019
204.44,235.0,              0.40388264532783865746E-01   ,0.0,876.1470123231346
204.44,236.0,              0.38795677028411433562E-01   ,0.0,876.1858080001629
204.44,237.0,              0.37273149339400603319E-01   ,0.0,876.2230811495026
204.44,238.0,              0.35817248520172310922E-01   ,0.0,876.2588983980226
204.44,239.0,              0.34424874972535247919E-01   ,0.0,876.293323272995
204.44,240.0,              0.33093014357784923674E-01   ,0.0,876.3264162873529
204.44,241.0,              0.31818725533447632381E-01   ,0.0,876.3582350128863
204.44,242.0,              0.30599118679132588511E-01   ,0.0,876.3888341315655
204.44,243.0,              0.29431614250562711244E-01   ,0.0,876.4182657458161
204.44,244.0,              0.28313822845540209672E-01   ,0.0,876.4465795686617
204.44,245.0,              0.27243494694776996395E-01   ,0.0,876.4738230633565
204.44,246.0,              0.26218356319287389883E-01   ,0.0,876.5000414196759
204.44,247.0,              0.25236199852544688449E-01   ,0.0,876.5252776195285
204.44,248.0,              0.24295006518209948110E-01   ,0.0,876.5495726260467
204.44,249.0,              0.23392935945555359822E-01   ,0.0,876.5729655619923
204.44,250.0,              0.22528297636894789591E-01   ,0.0,876.595493859629
204.44,251.0,              0.21699358069280545031E-01   ,0.0,876.6171932176982
204.44,252.0,              0.20904438942013017083E-01   ,0.0,876.6380976566404
204.44,253.0,              0.20141907138292582807E-01   ,0.0,876.6582395637785
204.44,254.0,              0.19410330468545473198E-01   ,0.0,876.6776498942473
204.44,255.0,              0.18708385583835931976E-01   ,0.0,876.696358279831
204.44,256.0,              0.18034806709005195280E-01   ,0.0,876.7143930865402
204.44,257.0,              0.17388319857713323280E-01   ,0.0,876.7317814063977
204.44,258.0,              0.16767639827321840357E-01   ,0.0,876.748549046225
204.44,259.0,              0.16171593663964010240E-01   ,0.0,876.7647206398892
204.44,260.0,              0.15599091736322564378E-01   ,0.0,876.7803197316254
204.44,261.0,              0.15049189574849037437E-01   ,0.0,876.7953689212002
204.44,262.0,              0.14520938059162743008E-01   ,0.0,876.8098898592596
204.44,263.0,              0.14013411100883988586E-01   ,0.0,876.8239032703603
204.44,264.0,              0.13525653956471459655E-01   ,0.0,876.8374289243168
204.44,265.0,              0.13056761482811011718E-01   ,0.0,876.8504856857998
204.44,266.0,              0.12605917161466115989E-01   ,0.0,876.863091602961
204.44,267.0,              0.12172374297922171002E-01   ,0.0,876.8752639772591
204.44,268.0,              0.11755470629929471935E-01   ,0.0,876.8870194478889
204.44,269.0,              0.11354518850212564490E-01   ,0.0,876.8983739667392
204.44,270.0,              0.10968857283611020345E-01   ,0.0,876.9093428240227
204.44,271.0,              0.10597786839241223056E-01   ,0.0,876.9199406108619
204.44,272.0,              0.10240663497608583354E-01   ,0.0,876.9301812743595
204.44,273.0,              0.98968824196813843380E-02   ,0.0,876.9400781567792
204.44,274.0,              0.95659055689882675072E-02   ,0.0,876.9496440623483
204.44,275.0,              0.92472524533496885946E-02   ,0.0,876.9588913148016
204.44,276.0,              0.89404441573299187063E-02   ,0.0,876.967831758959
204.44,277.0,              0.86450308309951335445E-02   ,0.0,876.9764767897901
204.44,278.0,              0.83605222949680105260E-02   ,0.0,876.9848373120851
204.44,279.0,              0.80864609312638977695E-02   ,0.0,876.9929237730164
204.44,280.0,              0.78223777576829321700E-02   ,0.0,877.000746150774
204.44,281.0,              0.75678534985282016126E-02   ,0.0,877.0083140042726
204.44,282.0,              0.73224995196084262730E-02   ,0.0,877.015636503792
204.44,283.0,              0.70859592898687047413E-02   ,0.0,877.0227224630821
204.44,284.0,              0.68579186409838737912E-02   ,0.0,877.0295803817231
204.44,285.0,              0.66380557802403050011E-02   ,0.0,877.0362184375034
204.44,286.0,              0.64260837965341667186E-02   ,0.0,877.0426445212997
204.44,287.0,              0.62216879960332316379E-02   ,0.0,877.0488662092959
204.44,288.0,              0.60245799309135419572E-02   ,0.0,877.0548907892266
204.44,289.0,              0.58344565090380660563E-02   ,0.0,877.0607252457356
204.44,290.0,              0.56510308502975047443E-02   ,0.0,877.066376276586
204.44,291.0,              0.54740302290254266165E-02   ,0.0,877.071850306815
204.44,292.0,              0.53031838482641069019E-02   ,0.0,877.0771534906632
204.44,293.0,              0.51382570509330592265E-02   ,0.0,877.0822917477141
204.44,294.0,              0.49790050851886355487E-02   ,0.0,877.0872707527994
204.44,295.0,              0.48252229147039242541E-02   ,0.0,877.0920959757141
204.44,296.0,              0.46766950261451969290E-02   ,0.0,877.09677267074
204.44,297.0,              0.45332319352231319892E-02   ,0.0,877.1013059026753
204.44,298.0,              0.43946462861450324641E-02   ,0.0,877.1057005489615
204.44,299.0,              0.42607550684886971032E-02   ,0.0,877.10996130403
204.44,300.0,              0.41313945264043715200E-02   ,0.0,877.1140926985563
