CRS,ColE
4197.732332904909,0.042151272761129226
1900.5182408782648,0.1686050910445169
2672.8576120500875,0.379361454850163
3034.4807031597884,0.6744203641780676
2730.731090331235,1.0537818190282306
1884.39546412443,1.517445819400652
1502.3721019892298,2.065412365295332
1304.0367782309768,2.6976814567122704
1580.937250776051,3.414253093651467
1840.37926127321,4.215127276112923
1853.534388979652,5.100304004096636
1812.2039944446076,6.069783277602608
1637.626290859421,7.1235650966308395
1356.5028459613695,8.261649461181328
1257.6385051543089,9.484036371254074
1185.6265156318375,10.790725826849082
1147.214555801552,12.181717827966347
1230.173627418151,13.657012374605868
1315.7655816376198,15.21660946676765
1392.2023853113233,16.86050910445169
1411.46988319216,18.588711287657993
1367.8902943064868,20.401216016386545
1336.7791467859251,22.29802329063736
1226.6444451068091,24.27913311041043
1128.0223989998517,26.344545475705768
1051.09373767981,28.494260386523358
967.2604624880244,30.728277842863207
1000.5032245318854,33.04659784472531
1014.0133893499008,35.44922039210967
1034.0116819392974,37.9361454850163
1078.5077241791105,40.507373123445184
1130.8131888252733,43.16290330739633
1153.6189963429274,45.902736036869726
1166.382597815733,48.72687131186539
1149.6055173361865,51.635309132383306
1109.086652667051,54.62804949842347
1049.2158865720091,57.70509240998591
993.5329111430361,60.8664378670706
957.8163165998402,64.11208586967757
912.5662104548105,67.44203641780676
867.1181893609748,70.85628951145823
879.3245379933351,74.35484515063197
878.9906823798251,77.93770333532794
889.5030673104934,81.60486406554618
906.2172211369393,85.35632734128669
929.5223659976914,89.19209316254944
964.5086729252241,93.11216152933446
988.8217743196221,97.11653244164172
994.351549631856,101.20520589947128
991.9513091612487,105.37818190282307
981.530561425924,109.63546045169711
969.7084764746909,113.97704154609343
953.5283047004882,118.402925186012
911.2272054098213,122.91311137145283
874.9759461795069,127.5076001024159
846.0486807946438,132.18639137890125
826.0691741143446,136.94948520090887
808.5099655975074,141.7968815684387
790.9589317907772,146.72858048149084
780.5457248941192,151.7445819400652
779.1278252505201,156.84488594416186
784.6874201462604,162.02949249378074
796.0092006727914,167.2984015889219
813.462997501911,172.6516132295853
834.2828039968496,178.08912741577097
840.1421250770587,183.6109441474789
846.6184103389764,189.2170634247091
860.1407008724055,194.90748524746155
872.1175326409501,200.68220961573624
877.1140926985563,206.54123652953322
873.8460570690038,212.4845659888524
866.08535172565,218.5121979936939
856.4897304404834,224.62413254405763
844.5012430942403,230.82036963994364
829.5669109624087,237.1009092813519
812.6711114595386,243.4657514682824
794.8024897381,249.9148962007352
777.1521696136333,256.4483434787103
760.4192284692709,263.0660933022075
745.1998901012472,269.76814567122705
732.0306284507926,276.55450058576884
721.3190835150903,283.4251580458329
713.3075258158588,290.3801180514192
708.0818667084587,297.4193806025279
705.5910889608239,304.5429456991587
705.6652711636909,311.75081334131175
708.0349206750109,319.0429835289871
712.3529472755508,326.4194562621847
718.2180508122997,333.8802315409046
725.1977492072028,341.42530936514675
732.8498173000221,349.0546897349111
740.741482300986,356.76837265019776
748.4658693577694,364.5663581110067
755.6553085972862,372.44864611733783
761.9913446424431,380.4152366691913
767.4128280639429,388.4661297665669
771.3281441816614,396.6013254094649
773.7840245793561,404.8208235978851
774.6986132384573,413.12462433182753
774.0468091574403,421.5127276112923
771.8555879083447,429.9851334362792
768.1980474249066,438.54184180678845
763.1865594450525,447.18285272282
756.9654385545388,455.9081661843737
749.7035236381532,464.71778219144966
741.5869665868928,473.611700744048
732.8124098940455,482.58992184216856
723.5806313630364,491.6524454858113
714.0907238210475,500.7992716749764
704.534908898648,510.0304004096636
695.0941246333496,519.3458316898732
685.934493882943,528.745565515605
677.2046822837151,538.2296018868591
669.0340394039146,547.7979408036355
661.5313779163642,557.450582265934
654.9894721655477,567.1875262737548
649.0757332045164,577.008772827098
644.0295393134396,586.9143219259633
639.8760706695352,596.904173570351
636.6218139039288,606.9783277602608
634.2561520027824,617.136784495693
632.7530380864522,627.3795437766474
632.072726765306,637.706605603124
632.1636194200165,648.117969975123
632.964259005098,658.6136368926442
634.4053938516145,669.1936063556876
636.4119534542415,679.8578783642535
638.9048106838851,690.6064529183412
641.8023439675928,701.4393300179514
645.021903484455,712.3565096630839
648.4812617759977,723.3579918537387
652.0999941047169,734.4437765899156
655.8006501237049,745.6138638716149
659.5096340249397,756.8682536988364
663.1578525114929,768.2069460715802
666.6812815093347,779.6299409898462
670.0215250716035,791.1372384536345
673.1262933235142,802.728838462945
675.949664847496,814.4047410177778
678.6909749084888,826.1649461181329
680.8505111137121,838.0094537640102
682.6292255296271,849.9382639554096
684.0061922110377,861.9513766923317
684.9665056142685,874.0487919747756
685.5009621399402,886.230509802742
685.6055994183155,898.4965301762305
685.2812649389238,910.8468530952415
684.5333047409187,923.2814785597745
683.3712875467733,935.80040656983
681.8086041467467,948.4036371254076
679.8619255975348,961.0911702265076
677.5506768815401,973.8630058731296
674.8966627088683,986.7191440652739
671.9238033454689,999.6595848029408
668.6577990595106,1012.6843280861297
665.1256589982441,1025.7933739148411
661.3552274653659,1038.9867222890744
657.374876100734,1052.26437320883
653.2133369176993,1065.626326674108
648.8994906785548,1079.0725826849082
644.4620168917311,1092.6031412412306
639.9290334757999,1106.2180023430753
635.5747904331189,1119.9171659904425
630.9422502855012,1133.7006321833317
626.2942221827277,1147.5684009217432
621.6552949110745,1161.5204722056767
617.0486965802572,1175.556846035133
612.4962430376816,1189.6775224101116
608.0184093229406,1203.8825013306118
603.6343116334837,1218.1717827966347
599.361537496575,1232.5453668081798
595.2160228956163,1247.003253365247
591.2121252002435,1261.5454424678367
587.3627688178593,1276.1719341159485
583.679439550767,1290.8827283095825
580.1720557961416,1305.677825048739
576.8489613079743,1320.5572243334175
573.7171009722405,1335.5209261636185
570.7821701388024,1350.5689305393416
568.0485670541117,1365.701237460587
565.5193123628501,1380.9178469273545
563.1961683318538,1396.2187589396444
561.0798630978805,1411.6039734974568
559.1701523452867,1427.073490600791
557.7023590354509,1442.627310249648
556.2094972492962,1458.2654324440268
554.9166879857081,1473.9878571839279
553.820118889212,1489.7945844693513
552.915245208834,1505.6856143002972
552.1967415185317,1521.6609466767652
551.6586966227176,1537.7205815987554
551.2948148483023,1553.8645190662676
551.0983728325887,1570.0927590793026
551.062120052391,1586.4053016378596
551.1784317231412,1602.8021467419387
551.4395372581496,1619.2832943915405
551.8374871497671,1635.8487445866642
552.3640155615759,1652.4984973273101
553.0106786772697,1669.2325526134787
553.769091000285,1686.0509104451692
554.6308640571309,1702.9535708223818
555.5874516303767,1719.940533745117
556.6303015963649,1737.0117992133744
557.7511199330684,1754.1673672271538
558.9416368649744,1771.4072377864559
560.1936359442883,1788.73141089128
561.4989560714224,1806.1398865416263
562.8499304536422,1823.632664737495
564.2388305834968,1841.2097454788857
565.6579954769733,1858.8711287657986
567.3538547183873,1876.6168145982344
568.8206587833625,1894.446802976192
570.2969763831187,1912.3610938996721
571.776501321781,1930.3596873686743
573.2531558543859,1948.4425833831983
574.7205514528987,1966.6097819432453
576.1727850060709,1984.8612830488144
577.6050038047052,2003.1970866999056
